#a	c	mean_phenotypic_distance	std
0.0001	-0.999	0.8228435840845182	0.13095416852664002
0.0001	-0.9	0.6981100515746246	0.2546990652957457
0.0001	-0.8	0.511805711860591	0.3133817483453888
0.0001	-0.7	0.4328396920929369	0.32311579530289897
0.0001	-0.6	0.2872159005664542	0.3115644505931489
0.0001	-0.5	0.2639324677527352	0.28081600975581256
0.0001	-0.4	0.26848404724166275	0.27148589406474444
0.0001	-0.3	0.2197070855481365	0.25511053507243076
0.0001	-0.2	0.1708487111497354	0.24068782512149625
0.0001	-0.1	0.1330765225855325	0.22540567151296192
0.0001	-0.0	0.09775169662420943	0.15547526552569624
0.0001	0.1	0.08014501026712183	0.15671239678849838
0.0001	0.2	0.08388300925468935	0.15019505549223708
0.0001	0.3	0.06982011606842883	0.13322745915696113
0.0001	0.4	0.05427441085031563	0.09764701148281182
0.0001	0.5	0.05028469610709427	0.09830959103946241
0.0001	0.6	0.034231467376863764	0.05705641462502292
0.0001	0.7	0.02173879417974299	0.03138241103301703
0.0001	0.8	0.02059820101715352	0.02563800136380626
0.0001	0.9	0.018344943331879127	0.01608775366715678
0.0001	0.999	0.014083452442354443	0.007229377543231238
0.049999999999999996	-0.998	0.8586998693626378	0.1685244006712818
0.049999999999999996	-0.9	0.7396910066771033	0.2596405691280688
0.049999999999999996	-0.8	0.5142408055384152	0.3130421195034914
0.049999999999999996	-0.7	0.4390493261355493	0.3412773285437435
0.049999999999999996	-0.6	0.3269728564859097	0.3245637605626298
0.049999999999999996	-0.5	0.32467658357744783	0.31082402807828996
0.049999999999999996	-0.4	0.27190183042280364	0.30555141810701275
0.049999999999999996	-0.3	0.23647767093505292	0.2795767229253096
0.049999999999999996	-0.2	0.1653377380251672	0.23927147361463985
0.049999999999999996	-0.1	0.14974037992276637	0.22683167567269596
0.049999999999999996	-0.0	0.13425885244855987	0.21311391488603357
0.049999999999999996	0.098	0.08327708725229983	0.15019242715762454
0.049999999999999996	0.198	0.09912896457092554	0.19074470046865288
0.049999999999999996	0.298	0.0489790967201807	0.10189208793746252
0.049999999999999996	0.398	0.05166899840929846	0.10382098365143934
0.049999999999999996	0.498	0.05177341325909217	0.09950228811065773
0.049999999999999996	0.598	0.03371396408330276	0.06781917619987754
0.049999999999999996	0.698	0.03308179339132798	0.061401915281433475
0.049999999999999996	0.798	0.02136347258272235	0.031007688876245016
0.049999999999999996	0.898	0.01934588842189239	0.019052656951337663
0.049999999999999996	0.998	0.01462157151367809	0.007845281980001112
0.09999999999999999	-0.999	0.8824359881791015	0.1569628629978731
0.09999999999999999	-0.9	0.7245546386877287	0.31247861449988196
0.09999999999999999	-0.8	0.6051787032350165	0.39842954975332634
0.09999999999999999	-0.7	0.47440306128277554	0.36877056220237336
0.09999999999999999	-0.6	0.4635923556594096	0.41120489913852404
0.09999999999999999	-0.5	0.3809041165139553	0.36685970902530135
0.09999999999999999	-0.4	0.2781854993597187	0.31648279875497115
0.09999999999999999	-0.3	0.2855012116566606	0.3251774797197992
0.09999999999999999	-0.2	0.19188911418713975	0.28383842627326616
0.09999999999999999	-0.1	0.16901324542204238	0.263487759973902
0.09999999999999999	-0.0	0.14621022001653147	0.2262593225721985
0.09999999999999999	0.099	0.09042287664411895	0.1596406106925474
0.09999999999999999	0.199	0.06323057497136593	0.12705304529024256
0.09999999999999999	0.299	0.07468188245985999	0.1414000724298729
0.09999999999999999	0.399	0.05282142675658155	0.10365679553875098
0.09999999999999999	0.499	0.05118042946247967	0.09660164090480576
0.09999999999999999	0.599	0.03310580288161442	0.07075093165531886
0.09999999999999999	0.699	0.023997090788837116	0.04163523732792639
0.09999999999999999	0.799	0.022388482134286507	0.038818824419755996
0.09999999999999999	0.899	0.019558856962584886	0.024008237300490683
0.09999999999999999	0.999	0.015009645428844759	0.008162355269282296
0.15	-0.999	0.950549214416884	0.2001364266934129
0.15	-0.9	0.8182399325595127	0.33804549686168545
0.15	-0.8	0.5892833360922686	0.40733702519332426
0.15	-0.7	0.5508723158592993	0.40769335648323096
0.15	-0.6	0.46823702303297654	0.3945786937201499
0.15	-0.5	0.34230641456614336	0.355403179899606
0.15	-0.4	0.2673072422092782	0.3164904569376911
0.15	-0.3	0.2758662386046844	0.33059581351821427
0.15	-0.2	0.20113185985648235	0.2919115837432253
0.15	-0.1	0.16745567913769727	0.27350270842428615
0.15	-0.0	0.1655115518948344	0.2465324147094329
0.15	0.099	0.13873263613425316	0.26168681594970644
0.15	0.199	0.09414706816615506	0.183517312777475
0.15	0.299	0.08358236973143415	0.1570889706746565
0.15	0.399	0.0695998594214331	0.13517900252685114
0.15	0.499	0.06161368696327968	0.12666818119691456
0.15	0.599	0.05257400290709547	0.11583951999267357
0.15	0.699	0.03391112246805256	0.061149334857081114
0.15	0.799	0.02190447565827956	0.020830938635047654
0.15	0.899	0.018732518112021677	0.01628170856724533
0.15	0.999	0.015700717047736745	0.00848016712205854
0.19999999999999998	-0.999	0.9942396243347462	0.2159749021122895
0.19999999999999998	-0.9	0.8551903065219719	0.3505398044799471
0.19999999999999998	-0.8	0.730884552994904	0.3937082145219709
0.19999999999999998	-0.7	0.532932696522143	0.41306425063427216
0.19999999999999998	-0.6	0.454630728030254	0.4168025752169677
0.19999999999999998	-0.5	0.3951059147418852	0.391501302888817
0.19999999999999998	-0.4	0.30725098029561965	0.3416806998793219
0.19999999999999998	-0.3	0.2725735997545059	0.3040150990849802
0.19999999999999998	-0.2	0.22565380965951654	0.32332963342278925
0.19999999999999998	-0.1	0.17807721495822815	0.2509491540693629
0.19999999999999998	-0.0	0.17397305795021867	0.26100628533845466
0.19999999999999998	0.1	0.13240326531215982	0.2475454218870054
0.19999999999999998	0.199	0.11696433240018114	0.22982246076772275
0.19999999999999998	0.299	0.08103580215943657	0.1642699679801236
0.19999999999999998	0.4	0.08644786031907262	0.16100408765014895
0.19999999999999998	0.499	0.05507446038120492	0.10739555987701274
0.19999999999999998	0.6	0.04919230890561299	0.09726800821479206
0.19999999999999998	0.7	0.02851874923591117	0.044799533168981505
0.19999999999999998	0.799	0.03428378787511538	0.06817976742790266
0.19999999999999998	0.899	0.01796297678685302	0.014719153551813628
0.19999999999999998	0.999	0.016163843497284558	0.008840408948435984
0.25	-0.999	1.0030775619880314	0.2162958414176669
0.25	-0.9	0.8678367993408357	0.3676092746479235
0.25	-0.8	0.737222066302764	0.40811684045935437
0.25	-0.7	0.641675756274767	0.4139593987831566
0.25	-0.6	0.5296933930936556	0.44321377747144325
0.25	-0.5	0.41809885660265894	0.4044978597214544
0.25	-0.4	0.37136413898546755	0.4438337799156839
0.25	-0.3	0.3068797564546959	0.3531532309964142
0.25	-0.2	0.23105399879631025	0.3210033904539953
0.25	-0.1	0.2541277049670909	0.3263112001417408
0.25	-0.0	0.20513815518671338	0.30483946512858556
0.25	0.1	0.15659976711670842	0.25896325337217335
0.25	0.2	0.12166616941048965	0.23273116415785894
0.25	0.3	0.07647863948419391	0.170429453619663
0.25	0.4	0.06683456491695701	0.1455805621541971
0.25	0.5	0.08701934114576622	0.16530223988935955
0.25	0.6	0.04918698613656247	0.10637417159011892
0.25	0.7	0.026058723294246362	0.034641976273212326
0.25	0.8	0.019876888153619012	0.01799688621846749
0.25	0.9	0.02169487031721495	0.025409215635501248
0.25	0.999	0.016063243760292816	0.008910292566611711
0.3	-0.999	1.0631875523238206	0.2402118268732358
0.3	-0.9	0.8995066976451671	0.3742156594920072
0.3	-0.8	0.7057336104138274	0.4145649182099965
0.3	-0.7	0.6038606167125734	0.41087034716208987
0.3	-0.6	0.616801137303486	0.5084003062676064
0.3	-0.5	0.42103698371007214	0.3999598209229575
0.3	-0.4	0.35730785117637465	0.3643424918881361
0.3	-0.3	0.303000847285369	0.350933943612885
0.3	-0.2	0.22551442233250005	0.29943852400625126
0.3	-0.1	0.24690017644873832	0.3432455867381342
0.3	-0.0	0.20334351063970976	0.3172832434785227
0.3	0.1	0.13771784024082967	0.2281922944304597
0.3	0.2	0.1349600824778656	0.2374719793155616
0.3	0.3	0.07444443370294988	0.1415317485890522
0.3	0.4	0.12785014384932816	0.24054751236879288
0.3	0.5	0.05929336784187343	0.13824113576103927
0.3	0.6	0.05559934498871409	0.12190265510033098
0.3	0.7	0.031791726547038934	0.05185736802749148
0.3	0.8	0.025438855385805422	0.02918863913101317
0.3	0.9	0.022341657365039853	0.0355755393353571
0.3	0.999	0.01585787639144556	0.009107730060389039
0.35000000000000003	-0.999	1.1301581060355839	0.2872961949517588
0.35000000000000003	-0.9	0.9339877055787876	0.38249068638317907
0.35000000000000003	-0.8	0.7699035862637482	0.45857423777331424
0.35000000000000003	-0.7	0.5417427839294172	0.4383626901367199
0.35000000000000003	-0.6	0.534574655719388	0.4717925762732396
0.35000000000000003	-0.5	0.4741339790004249	0.4654500421078192
0.35000000000000003	-0.4	0.3971125122022874	0.396245955720074
0.35000000000000003	-0.3	0.32298887211695043	0.3883469187692442
0.35000000000000003	-0.2	0.29587611861810126	0.3439843743579897
0.35000000000000003	-0.1	0.19564488710313124	0.29331663409763215
0.35000000000000003	-0.0	0.21341253339595845	0.31219036437152436
0.35000000000000003	0.1	0.17555783869994115	0.28504365677950155
0.35000000000000003	0.2	0.13209115345045566	0.21480654737509547
0.35000000000000003	0.3	0.10307937965044693	0.2018834018068452
0.35000000000000003	0.4	0.07974243966746725	0.16793065285394915
0.35000000000000003	0.5	0.0514719020709978	0.11306706278620399
0.35000000000000003	0.6	0.033544149195482605	0.0649423333337105
0.35000000000000003	0.7	0.04130840339089805	0.07694661698404363
0.35000000000000003	0.8	0.029834879613870845	0.05150342446184941
0.35000000000000003	0.9	0.021083434405582815	0.01801630456377677
0.35000000000000003	0.999	0.017065943602719597	0.009889083762199505
0.39999999999999997	-0.999	1.1319710967586996	0.28204483929414015
0.39999999999999997	-0.9	0.988126716282431	0.40148964616836397
0.39999999999999997	-0.8	0.7712356410639981	0.4644525909207894
0.39999999999999997	-0.7	0.5563404169311514	0.4801009073364718
0.39999999999999997	-0.6	0.6355968137101471	0.5282682201006431
0.39999999999999997	-0.5	0.513377291515641	0.46954268630636825
0.39999999999999997	-0.4	0.45409838261329855	0.44250523624280014
0.39999999999999997	-0.3	0.37212056011702	0.42244262939303007
0.39999999999999997	-0.2	0.285643599915559	0.3759342463723872
0.39999999999999997	-0.1	0.1418934983880897	0.28832506378419953
0.39999999999999997	-0.0	0.20466832384688496	0.3030601234245329
0.39999999999999997	0.1	0.16185409130460068	0.24881539366556005
0.39999999999999997	0.2	0.1167359817589431	0.2245473141536253
0.39999999999999997	0.3	0.1492348822595488	0.2583008392073087
0.39999999999999997	0.4	0.09723180103182347	0.18833804548263436
0.39999999999999997	0.5	0.04898745941957878	0.09364797056282441
0.39999999999999997	0.6	0.04464725799732495	0.09474218649388844
0.39999999999999997	0.7	0.040926821270166974	0.08170644336761289
0.39999999999999997	0.8	0.03259424946306674	0.07448093406802972
0.39999999999999997	0.9	0.019577215297797223	0.014738817443396716
0.39999999999999997	0.999	0.017155999483125493	0.010008933525772326
0.44999999999999996	-0.999	1.1378666353151818	0.39864195172040945
0.44999999999999996	-0.9	0.9547800310702645	0.4708445187414914
0.44999999999999996	-0.8	0.9206983004499434	0.5802498295998068
0.44999999999999996	-0.7	0.8197735351197689	0.5817918558417686
0.44999999999999996	-0.6	0.4988790150857242	0.4640174446001389
0.44999999999999996	-0.5	0.5145886758180772	0.4438599088709511
0.44999999999999996	-0.4	0.4513456540030942	0.4819470135424236
0.44999999999999996	-0.3	0.35263255141749	0.44438332452241
0.44999999999999996	-0.2	0.2380462177914737	0.3462242278606291
0.44999999999999996	-0.1	0.23266103476037994	0.32738417072104614
0.44999999999999996	-0.0	0.21767889634628526	0.3192984232967403
0.44999999999999996	0.1	0.16421718918017655	0.26970460090775605
0.44999999999999996	0.2	0.16436565020681035	0.26646380007184256
0.44999999999999996	0.3	0.12381524175149337	0.21960628881188834
0.44999999999999996	0.4	0.07935463912123836	0.15994026731269317
0.44999999999999996	0.5	0.05725511239973698	0.11308129157716774
0.44999999999999996	0.6	0.0640260288405504	0.14520834491244788
0.44999999999999996	0.7	0.05198360225535652	0.11653982455095709
0.44999999999999996	0.8	0.026644466941069346	0.03269672192832363
0.44999999999999996	0.9	0.025966403102054152	0.041943376277518984
0.44999999999999996	0.999	0.017198678048641988	0.010273147169822121
0.5	-0.999	1.2056067779783253	0.3185004743702139
0.5	-0.9	1.0696733675904861	0.475510674202748
0.5	-0.8	0.8944117082848051	0.5180838316569267
0.5	-0.7	0.7363079515720853	0.5168112841685529
0.5	-0.6	0.6374463326375913	0.5691650292194774
0.5	-0.5	0.4704961424683633	0.497906179319639
0.5	-0.4	0.5427189052118694	0.5086010846171354
0.5	-0.3	0.368769227202731	0.43420870477534973
0.5	-0.2	0.3423066066051024	0.36943949877688875
0.5	-0.1	0.2064420690984632	0.31272167366603415
0.5	-0.0	0.2559534723160458	0.33514490238601263
0.5	0.1	0.20039654412906138	0.304742763673219
0.5	0.2	0.1664720404709369	0.2568993218016211
0.5	0.3	0.13303850496962136	0.23280775360093808
0.5	0.4	0.08382452471471129	0.16454536450626567
0.5	0.5	0.05571224355882338	0.12394816107364047
0.5	0.6	0.05792028106239663	0.1173287809834385
0.5	0.7	0.04230098569537621	0.0951246965878702
0.5	0.8	0.037047440023996826	0.057861586199926096
0.5	0.9	0.0195527148092647	0.012591504243599928
0.5	0.999	0.018724853739589327	0.01207756201771535
0.5499999999999999	-0.999	1.2725099395458912	0.47927486095083754
0.5499999999999999	-0.9	1.105685732859162	0.5409519553873015
0.5499999999999999	-0.8	0.9538493210631674	0.5497308991374535
0.5499999999999999	-0.7	0.7918458303874593	0.5573503303058106
0.5499999999999999	-0.6	0.686228799015699	0.5258337211850052
0.5499999999999999	-0.5	0.6921667853472586	0.6312905373293615
0.5499999999999999	-0.4	0.5363231052775491	0.576689521295245
0.5499999999999999	-0.3	0.38268360550449054	0.4642151624782494
0.5499999999999999	-0.2	0.33416080185250974	0.43331788504023167
0.5499999999999999	-0.1	0.26341210700056694	0.37516213342877464
0.5499999999999999	-0.0	0.23209299746402803	0.32368969202766773
0.5499999999999999	0.1	0.18453616111844673	0.2833365445948333
0.5499999999999999	0.2	0.16031847966212157	0.29092245223891505
0.5499999999999999	0.3	0.11518115356325699	0.2136205582469557
0.5499999999999999	0.4	0.0879429447578481	0.16140624282505195
0.5499999999999999	0.5	0.058339223040908744	0.14048838184007137
0.5499999999999999	0.6	0.048940102885638936	0.10150034902639239
0.5499999999999999	0.7	0.04656234507275426	0.08614272828174073
0.5499999999999999	0.8	0.03790208941049157	0.06960173803584328
0.5499999999999999	0.9	0.022383651961396328	0.015402586691506608
0.5499999999999999	0.999	0.017811022987676554	0.011018588365126388
0.6	-0.999	1.2267339442979375	0.38660262135103024
0.6	-0.9	1.047549489736781	0.4601838535439781
0.6	-0.8	0.9562220904177374	0.5604907854786638
0.6	-0.7	0.8136312942467866	0.5717144096666316
0.6	-0.6	0.6408332008635549	0.6023426326675757
0.6	-0.5	0.5110920869854227	0.5123462570483354
0.6	-0.4	0.6250884233418321	0.5746721849139644
0.6	-0.3	0.45039224068748984	0.476631431422071
0.6	-0.2	0.3490663640178225	0.480899815650616
0.6	-0.1	0.2678041937665238	0.4046547566521702
0.6	-0.0	0.21682443369865878	0.30514435332478285
0.6	0.1	0.17790473542965168	0.3204766784027823
0.6	0.2	0.20736026422366438	0.33033517779350924
0.6	0.3	0.12230276352881578	0.19522098445992112
0.6	0.4	0.09663032569825453	0.1745779441982249
0.6	0.5	0.07825721542914754	0.15854006985421135
0.6	0.6	0.04922656715759739	0.09987548225229381
0.6	0.7	0.050838638566240324	0.09301591360247886
0.6	0.8	0.04076595326771472	0.08905099488881527
0.6	0.9	0.022876441617464233	0.01927001799964818
0.6	0.999	0.017790266945917947	0.010564157497366913
0.65	-0.999	1.2262195742939757	0.364450398645719
0.65	-0.9	1.0057843883259576	0.4368100661673932
0.65	-0.8	0.8731572935628756	0.5610019311489488
0.65	-0.7	0.88666849679718	0.622222834209916
0.65	-0.6	0.6769541784565583	0.576341989140753
0.65	-0.5	0.6151078883061558	0.6589858320174683
0.65	-0.4	0.5598762791799459	0.45531771357227907
0.65	-0.3	0.39908403974649664	0.4328095171501814
0.65	-0.2	0.31983634762975477	0.447784069580119
0.65	-0.1	0.2290249777817642	0.33745537071525583
0.65	-0.0	0.22692780910939406	0.3339793922154894
0.65	0.1	0.2191324151975277	0.3126094749779323
0.65	0.2	0.2587999849612329	0.4687975883751297
0.65	0.3	0.12606197950259135	0.21002107405317777
0.65	0.4	0.10662367461170205	0.19965844244022252
0.65	0.5	0.08665343784848671	0.17519317668852338
0.65	0.6	0.06134348273783809	0.1491246056418169
0.65	0.7	0.05217369596219431	0.08325319688010831
0.65	0.8	0.029337250565829785	0.04352646329681348
0.65	0.9	0.023793498491469313	0.026002331006850187
0.65	0.999	0.018200411969204945	0.011015029929029103
0.7000000000000001	-0.999	1.277537929756247	0.5774377367493122
0.7000000000000001	-0.9	1.167214758786588	0.5184691902153231
0.7000000000000001	-0.8	0.967608763301701	0.617493526468398
0.7000000000000001	-0.7	0.8744760762373146	0.5515790319797262
0.7000000000000001	-0.6	0.7546275409993243	0.6628449713780882
0.7000000000000001	-0.5	0.588812377952641	0.5810838366192387
0.7000000000000001	-0.4	0.5030993649740099	0.592221708767844
0.7000000000000001	-0.3	0.5478376357036155	0.6353586796354886
0.7000000000000001	-0.2	0.48415200284275833	0.5818658171210002
0.7000000000000001	-0.1	0.33577425325045696	0.41778539334503856
0.7000000000000001	-0.0	0.41726519190326694	0.44658260524936727
0.7000000000000001	0.1	0.21896982102379908	0.40933306231078853
0.7000000000000001	0.2	0.1766562668201983	0.3355169554339264
0.7000000000000001	0.3	0.15353075165047084	0.25427012251031306
0.7000000000000001	0.4	0.12456079966875085	0.21980019259888808
0.7000000000000001	0.5	0.08904403154894851	0.15973340424911886
0.7000000000000001	0.6	0.07245060971279609	0.15300686960952556
0.7000000000000001	0.7	0.05506546684340815	0.16999598050910134
0.7000000000000001	0.8	0.037467771451717556	0.06695139639770063
0.7000000000000001	0.9	0.026003182506059905	0.03159762281942407
0.7000000000000001	0.999	0.018440501422998887	0.010939255715518374
0.7499999999999999	-0.999	1.2629518689401233	0.43103615784903554
0.7499999999999999	-0.9	1.2127990179091446	0.576525830689849
0.7499999999999999	-0.8	0.9395277448537052	0.5447257403133677
0.7499999999999999	-0.7	0.8451227745197787	0.67248790853153
0.7499999999999999	-0.6	0.6873138370801479	0.5349106527596338
0.7499999999999999	-0.5	0.558160764326991	0.49278269117621376
0.7499999999999999	-0.4	0.531312511167479	0.5552889998166283
0.7499999999999999	-0.3	0.5917891244143533	0.6247732241680786
0.7499999999999999	-0.2	0.34094190813647884	0.42229547421100166
0.7499999999999999	-0.1	0.3594436684505704	0.47046717550838013
0.7499999999999999	-0.0	0.31400936820628494	0.4908462611761532
0.7499999999999999	0.1	0.2061558503346225	0.33908403024071626
0.7499999999999999	0.2	0.17943056186333217	0.28368764787971223
0.7499999999999999	0.3	0.1652785916931084	0.28569739812022615
0.7499999999999999	0.4	0.08138440212729046	0.1448669159131952
0.7499999999999999	0.5	0.1272001929419513	0.20927707621320976
0.7499999999999999	0.6	0.06893442637264706	0.11633975802821114
0.7499999999999999	0.7	0.06148758356148256	0.14658009107640907
0.7499999999999999	0.8	0.047400727580311296	0.08724072472378983
0.7499999999999999	0.9	0.02669426919358253	0.02523144525619693
0.7499999999999999	0.999	0.01939276775518006	0.012680731673434854
0.7999999999999999	-0.999	1.2424753331516156	0.4677233684651999
0.7999999999999999	-0.9	1.2038274975080134	0.528331920324882
0.7999999999999999	-0.8	0.9847219919793013	0.5784560414496297
0.7999999999999999	-0.7	0.7886283068858626	0.6267861958678438
0.7999999999999999	-0.6	0.8325137640583324	0.7334309348966949
0.7999999999999999	-0.5	0.7222312135607006	0.6970610053306697
0.7999999999999999	-0.4	0.5788755363803744	0.5620161452619432
0.7999999999999999	-0.3	0.5275597124379794	0.7135662423710144
0.7999999999999999	-0.2	0.33694884595252406	0.44400246563275203
0.7999999999999999	-0.1	0.30398666994347423	0.3865972840912878
0.7999999999999999	-0.0	0.2441421525281203	0.35726001493153514
0.7999999999999999	0.1	0.2794749170914831	0.3763103174734525
0.7999999999999999	0.2	0.22539833151351737	0.340723465923834
0.7999999999999999	0.3	0.1601151329792103	0.2786694307070242
0.7999999999999999	0.4	0.12966587015032235	0.2822642386706432
0.7999999999999999	0.5	0.09799165654649139	0.19547446011834568
0.7999999999999999	0.6	0.0735392962059232	0.14877818386532599
0.7999999999999999	0.7	0.03504320660939604	0.055552005540997415
0.7999999999999999	0.8	0.037703029206504354	0.08163726036269078
0.7999999999999999	0.9	0.026817338687265574	0.031712302115504014
0.7999999999999999	0.999	0.02034159935005547	0.01469993644314666
0.85	-0.999	1.311554308901276	0.5546958818925294
0.85	-0.9	1.2675918781898834	0.6263187476090976
0.85	-0.8	1.0444200978862364	0.7714679406547748
0.85	-0.7	0.8590920780775724	0.7057205363699828
0.85	-0.6	0.6393938713808651	0.5593598006990689
0.85	-0.5	0.6581291858455752	0.6679605601811444
0.85	-0.4	0.5493213016029861	0.6027537151421294
0.85	-0.3	0.38497957236134955	0.49361855557996276
0.85	-0.2	0.4150262819792759	0.548126049095132
0.85	-0.1	0.3129747117392689	0.4584288190289218
0.85	-0.0	0.26213007410090905	0.3825500987540324
0.85	0.1	0.3217226042190291	0.5059150274382608
0.85	0.2	0.19773016470119711	0.3351215766932246
0.85	0.3	0.17428772989760077	0.27131992142818323
0.85	0.4	0.11995098310567247	0.2122054118894495
0.85	0.5	0.11329431247836019	0.23139345451495785
0.85	0.6	0.10068006436878112	0.21524435306394896
0.85	0.7	0.05588842642339854	0.10419984541874203
0.85	0.8	0.032777913360437685	0.03687896097844777
0.85	0.9	0.023898219037544768	0.019028978849717982
0.85	0.999	0.018490855993060197	0.011662657853586748
0.8999999999999999	-0.999	1.3184630634952466	0.6335742513973169
0.8999999999999999	-0.9	1.0786379875872425	0.6935857087539502
0.8999999999999999	-0.8	1.046237342993515	0.6919137455150215
0.8999999999999999	-0.7	0.818003419001822	0.6841704065124077
0.8999999999999999	-0.6	0.756215553233404	0.6284959121387014
0.8999999999999999	-0.5	0.7441359770132584	0.7527611845887859
0.8999999999999999	-0.4	0.5602437988307561	0.5928470241877063
0.8999999999999999	-0.3	0.41475722969456874	0.4851633135707873
0.8999999999999999	-0.2	0.36787457677968416	0.45821470239255657
0.8999999999999999	-0.1	0.33389930900686693	0.4347744352431359
0.8999999999999999	-0.0	0.2915657963452684	0.3960002146911851
0.8999999999999999	0.1	0.2612578365327171	0.33477810158699733
0.8999999999999999	0.2	0.23059778954719584	0.3627813082525687
0.8999999999999999	0.3	0.14146381993334287	0.24075896924072518
0.8999999999999999	0.4	0.1628525772706755	0.3604925059496537
0.8999999999999999	0.5	0.09468164186950397	0.17310047141851756
0.8999999999999999	0.6	0.08600827325246234	0.17521646529172957
0.8999999999999999	0.7	0.06125123736190669	0.12856426003106397
0.8999999999999999	0.8	0.049775335533930834	0.14379551827407613
0.8999999999999999	0.9	0.035171632322500694	0.06139476904955696
0.8999999999999999	0.999	0.020616319101050096	0.015638705715549393
0.95	-0.999	1.2852937621423441	0.5674567462827487
0.95	-0.9	1.1550310738101572	0.6396247983050238
0.95	-0.8	0.9230457094518535	0.7831779072049213
0.95	-0.7	0.8868049721722362	1.06575318423046
0.95	-0.6	0.7706441236992002	0.6391708448234424
0.95	-0.5	0.5142576713256027	0.563913888092691
0.95	-0.4	0.5397731394044324	0.5874731538033248
0.95	-0.3	0.5320653009340798	0.6940829478967211
0.95	-0.2	0.3886188480125889	0.4903874363280454
0.95	-0.1	0.3209157396073366	0.46062746435088525
0.95	-0.0	0.24356265385211567	0.40991514137020774
0.95	0.1	0.2076351102866793	0.29936112850866514
0.95	0.2	0.20178350680196572	0.3483848198791715
0.95	0.3	0.17773703307021677	0.28923023041403695
0.95	0.4	0.10323066651781039	0.17649472505544883
0.95	0.5	0.08852159482823209	0.16079784652529308
0.95	0.6	0.05781490473715489	0.10377054555654544
0.95	0.7	0.05632742413769906	0.10370987828681863
0.95	0.8	0.03693976246957668	0.05232728856284792
0.95	0.9	0.02815027273658512	0.022804959664955146
0.95	0.999	0.01989167998581226	0.012280925102054752
0.9998999999999999	-0.999	1.045533092382805	0.49377865771520363
0.9998999999999999	-0.9	0.9593078725480538	0.6448318688749433
0.9998999999999999	-0.8	0.8167843506318575	0.7410705888597262
0.9998999999999999	-0.7	0.7411394601161122	0.6163158458295653
0.9998999999999999	-0.6	0.7758511430815099	1.0491052429610583
0.9998999999999999	-0.5	0.4777034940399026	0.4858530370529571
0.9998999999999999	-0.4	0.49960309715868806	0.6303830865736972
0.9998999999999999	-0.3	0.42332127918582374	0.5561153910355803
0.9998999999999999	-0.2	0.3381663189686255	0.47317023582716655
0.9998999999999999	-0.1	0.3053579768506529	0.3877233028106426
0.9998999999999999	-0.0	0.22968543714827924	0.31316288626759
0.9998999999999999	0.1	0.18426772547429898	0.2501138036678896
0.9998999999999999	0.2	0.174346921272669	0.2758574035149048
0.9998999999999999	0.3	0.12364588482984558	0.16383635906939525
0.9998999999999999	0.4	0.11098568866386103	0.1773814603774941
0.9998999999999999	0.5	0.083945144135872	0.13752316919620267
0.9998999999999999	0.6	0.0824997282305293	0.10293133834766618
0.9998999999999999	0.7	0.05835250037022591	0.08872054705970482
0.9998999999999999	0.8	0.04187540226414163	0.06437753031741912
0.9998999999999999	0.9	0.029166655892306253	0.022457736120109935
0.9998999999999999	0.999	0.021413866963296564	0.013685153329874234
