#a	c	entropy	std
0.0001	-0.999	0.2672185298949317	0.12962110326724116
0.0001	-0.9	0.25964479567317034	0.12310948776444668
0.0001	-0.8	0.2512370217373034	0.1297226244310919
0.0001	-0.7	0.22790600762812122	0.11704944422024416
0.0001	-0.6	0.21335638038273486	0.1132655364918043
0.0001	-0.5	0.20040604318310895	0.10776608295542789
0.0001	-0.4	0.19219028649547976	0.10941580960689787
0.0001	-0.3	0.1757658530178596	0.09572023596283998
0.0001	-0.2	0.17183798534595435	0.11082108727739817
0.0001	-0.1	0.16525628793791222	0.10506110039274874
0.0001	-0.0	0.15502243932424692	0.1014129247773209
0.0001	0.1	0.14854439726534754	0.09210514761119368
0.0001	0.2	0.1486734029585111	0.09596952956073497
0.0001	0.3	0.14096306667044978	0.09562130668952999
0.0001	0.4	0.13587817535413912	0.08996025030059063
0.0001	0.5	0.12926201588928837	0.09077036048866641
0.0001	0.6	0.12433542842900598	0.08100610668141718
0.0001	0.7	0.12145188062247073	0.08687566229349808
0.0001	0.8	0.1183497909704145	0.08425257109273616
0.0001	0.9	0.11311175536959045	0.0787992769876547
0.0001	0.999	0.11469128108691612	0.08310765083923655
0.049999999999999996	-0.998	0.22837864384537232	0.11615214984939602
0.049999999999999996	-0.9	0.2246114609209018	0.11579182194188414
0.049999999999999996	-0.8	0.22279444197956957	0.12605874421510066
0.049999999999999996	-0.7	0.21490252983865518	0.12365525326602593
0.049999999999999996	-0.6	0.19880202900803035	0.1099328374112361
0.049999999999999996	-0.5	0.1874372657292335	0.09836101700933426
0.049999999999999996	-0.4	0.18118640470425224	0.11250141775242052
0.049999999999999996	-0.3	0.18014777454429842	0.12325957699387054
0.049999999999999996	-0.2	0.16675071397700403	0.10112080482658577
0.049999999999999996	-0.1	0.1629359785764856	0.09824698878519121
0.049999999999999996	-0.0	0.15909466644161877	0.1008093078214092
0.049999999999999996	0.098	0.14844284942999433	0.09210213200262858
0.049999999999999996	0.198	0.14275325351461327	0.09106596571567306
0.049999999999999996	0.298	0.1386915095618941	0.09419557767168749
0.049999999999999996	0.398	0.13877102417783196	0.09625245583795362
0.049999999999999996	0.498	0.1319594615268726	0.10067869758384661
0.049999999999999996	0.598	0.12695105723720473	0.08745914522439246
0.049999999999999996	0.698	0.12406872208820008	0.09815940318054271
0.049999999999999996	0.798	0.11952344551758891	0.08061830628666308
0.049999999999999996	0.898	0.12068853814064068	0.09370740228999185
0.049999999999999996	0.998	0.11084622253321536	0.08460309353243675
0.09999999999999999	-0.999	0.19702546776207702	0.10442783729384986
0.09999999999999999	-0.9	0.19241894591700423	0.11564044393081656
0.09999999999999999	-0.8	0.21152122026651587	0.13430063169532988
0.09999999999999999	-0.7	0.1946348791642406	0.11465299186372409
0.09999999999999999	-0.6	0.1931655038892401	0.11369280970381164
0.09999999999999999	-0.5	0.1866034290773757	0.12277416695235814
0.09999999999999999	-0.4	0.18453141620121705	0.11239710147450414
0.09999999999999999	-0.3	0.1717706691940925	0.11322872924745374
0.09999999999999999	-0.2	0.16068431532149904	0.0896121176156678
0.09999999999999999	-0.1	0.1590719731648584	0.09433539763619658
0.09999999999999999	-0.0	0.15732728324615167	0.10716682000419885
0.09999999999999999	0.099	0.14783182906624648	0.09973500218440828
0.09999999999999999	0.199	0.14264012429669903	0.09207890746162768
0.09999999999999999	0.299	0.13882617346503126	0.09891245865114448
0.09999999999999999	0.399	0.13242201265976405	0.09373251709436195
0.09999999999999999	0.499	0.13117063855428143	0.08758934372737172
0.09999999999999999	0.599	0.12787292510937392	0.09723567952199572
0.09999999999999999	0.699	0.12739173934149348	0.09427966690622046
0.09999999999999999	0.799	0.12287304216487054	0.08712636456916462
0.09999999999999999	0.899	0.1142138214471097	0.09391406386046641
0.09999999999999999	0.999	0.1135155533595698	0.08478370024105712
0.15	-0.999	0.18174393693547575	0.10011850981656371
0.15	-0.9	0.18805028313823838	0.10865760989295811
0.15	-0.8	0.19934576584439398	0.13707236984177257
0.15	-0.7	0.1896375619614226	0.1203685590063725
0.15	-0.6	0.18448603894826127	0.11328657017001613
0.15	-0.5	0.17938997420898986	0.10706304639290866
0.15	-0.4	0.18675232812495593	0.1264306557878897
0.15	-0.3	0.16333842150213748	0.09159547085423653
0.15	-0.2	0.1737026760348284	0.11163947113967557
0.15	-0.1	0.163849816166538	0.1065959336549331
0.15	-0.0	0.14607382014625062	0.08714272361655694
0.15	0.099	0.14809773198579593	0.08783711039370266
0.15	0.199	0.15200906641439074	0.1203038356927922
0.15	0.299	0.14275722534424018	0.10441744208451297
0.15	0.399	0.13466882509586597	0.0927149083526047
0.15	0.499	0.12415603846699366	0.08071614801729929
0.15	0.599	0.1240406675469193	0.07353661704160108
0.15	0.699	0.1150029108563629	0.07443842261970136
0.15	0.799	0.1182514070422303	0.08637374694575739
0.15	0.899	0.12188877555738055	0.09811386055840589
0.15	0.999	0.11365927862000386	0.09444096500586598
0.19999999999999998	-0.999	0.17562594072280144	0.11033049632541422
0.19999999999999998	-0.9	0.16446422193088464	0.09862043302405005
0.19999999999999998	-0.8	0.16388466014043784	0.09460121986516146
0.19999999999999998	-0.7	0.1716410447899563	0.10790849587847165
0.19999999999999998	-0.6	0.18129524479584305	0.1216575561186386
0.19999999999999998	-0.5	0.17388479504158239	0.10437849583577581
0.19999999999999998	-0.4	0.18123572616731334	0.11577463282931354
0.19999999999999998	-0.3	0.16995622152679613	0.11331215166185649
0.19999999999999998	-0.2	0.16314326103766816	0.10757749397237792
0.19999999999999998	-0.1	0.15608633601021124	0.10999353429446439
0.19999999999999998	-0.0	0.15305589423632618	0.10410805106578469
0.19999999999999998	0.1	0.15091968446020831	0.10090194972495964
0.19999999999999998	0.199	0.13597595225343695	0.08716556369069695
0.19999999999999998	0.299	0.13439124721920911	0.0895174754776089
0.19999999999999998	0.4	0.13142820475781525	0.08688470818335818
0.19999999999999998	0.499	0.13129223356008843	0.09791134702222007
0.19999999999999998	0.6	0.13391305090614153	0.09904204905882005
0.19999999999999998	0.7	0.1342473124096117	0.10661413349503962
0.19999999999999998	0.799	0.12181856154614615	0.09142481162317836
0.19999999999999998	0.899	0.12012483971899113	0.08859031554384543
0.19999999999999998	0.999	0.11108897104983402	0.07855419872466538
0.25	-0.999	0.1651127807999981	0.10388869595116498
0.25	-0.9	0.18907883840019812	0.13155151274844226
0.25	-0.8	0.17653628162952426	0.10787315059030148
0.25	-0.7	0.16583607737316525	0.09212221043701813
0.25	-0.6	0.16997438277958493	0.10518157827050838
0.25	-0.5	0.17894606296001234	0.12038855759223363
0.25	-0.4	0.165473125026391	0.1024591796808506
0.25	-0.3	0.17757115362032383	0.12291198842042979
0.25	-0.2	0.17083552704219113	0.12436774078119701
0.25	-0.1	0.15291204030385455	0.10241476482364864
0.25	-0.0	0.15065999625608306	0.1041529168565303
0.25	0.1	0.15693715197863653	0.11695527394212969
0.25	0.2	0.14384624173132382	0.09335482313994528
0.25	0.3	0.1333763818145904	0.09059153078493488
0.25	0.4	0.13446312432928179	0.09833875300645108
0.25	0.5	0.12986225109073288	0.08335484150992528
0.25	0.6	0.1393318986313544	0.111937581261145
0.25	0.7	0.12176328957762982	0.08609631850838674
0.25	0.8	0.12318776888788914	0.09584273030631224
0.25	0.9	0.12694304341172874	0.1013638462939227
0.25	0.999	0.11017935369583104	0.07283637855502731
0.3	-0.999	0.16262899603423403	0.10529967958329023
0.3	-0.9	0.16356129524651503	0.09972803129081456
0.3	-0.8	0.16230063241674128	0.09538458574814028
0.3	-0.7	0.18471519697817054	0.1266834776517596
0.3	-0.6	0.16416094988182905	0.09770115625633835
0.3	-0.5	0.17486690810435088	0.11200275937563606
0.3	-0.4	0.17079284012923698	0.11593642405787191
0.3	-0.3	0.1652707251612287	0.11539347340657795
0.3	-0.2	0.1590879154384661	0.10123986646892373
0.3	-0.1	0.17022604645155046	0.12559371194516994
0.3	-0.0	0.16755430990138134	0.13478192368511585
0.3	0.1	0.15104311137366666	0.10721177975896676
0.3	0.2	0.1576188474469391	0.13799906961175812
0.3	0.3	0.13344628464441627	0.08902654209656004
0.3	0.4	0.13940710346011653	0.1000422590458819
0.3	0.5	0.14318743698928715	0.1017295039022832
0.3	0.6	0.12981511292714876	0.08977693684731079
0.3	0.7	0.1253146475732063	0.09242468442398322
0.3	0.8	0.13095747746581277	0.09869106265766245
0.3	0.9	0.11327339672376609	0.08016154814495868
0.3	0.999	0.10757761620926813	0.07706687113381461
0.35000000000000003	-0.999	0.17160180242812453	0.11787480248095152
0.35000000000000003	-0.9	0.15964653189771022	0.10510111588169772
0.35000000000000003	-0.8	0.17690349172697348	0.12301493232579372
0.35000000000000003	-0.7	0.16574737628515065	0.10514034159346526
0.35000000000000003	-0.6	0.16847635698870497	0.1102059443745192
0.35000000000000003	-0.5	0.16537204570816866	0.10276462955780716
0.35000000000000003	-0.4	0.16984453249359951	0.12842358553985248
0.35000000000000003	-0.3	0.160024994589178	0.09155957237769363
0.35000000000000003	-0.2	0.1580873069841091	0.10196665697491282
0.35000000000000003	-0.1	0.15693863154222926	0.09750900753336936
0.35000000000000003	-0.0	0.1578221731262651	0.10661349710642902
0.35000000000000003	0.1	0.14991626885425033	0.09702637664759971
0.35000000000000003	0.2	0.16008865700413458	0.12664145325925388
0.35000000000000003	0.3	0.14427350482618903	0.10399691241209486
0.35000000000000003	0.4	0.1395674711455831	0.10026260118334854
0.35000000000000003	0.5	0.14265410105461768	0.11397467955212565
0.35000000000000003	0.6	0.1287382598440401	0.08782882054399349
0.35000000000000003	0.7	0.11742153433589274	0.07756942432254187
0.35000000000000003	0.8	0.12178426961078269	0.08296454256934112
0.35000000000000003	0.9	0.11683038421470651	0.09512389709334111
0.35000000000000003	0.999	0.12067767081829658	0.08830304221607174
0.39999999999999997	-0.999	0.15751995269364463	0.10163229334576941
0.39999999999999997	-0.9	0.16719070029271105	0.10650136217278607
0.39999999999999997	-0.8	0.16317364244290408	0.10103856872353253
0.39999999999999997	-0.7	0.16823416912482064	0.10657104273544603
0.39999999999999997	-0.6	0.17658074484063033	0.11982063549384575
0.39999999999999997	-0.5	0.16861769533800466	0.1114696364982642
0.39999999999999997	-0.4	0.16228775370101514	0.1210061773748392
0.39999999999999997	-0.3	0.1632568416407627	0.11097326895900736
0.39999999999999997	-0.2	0.17135994587755082	0.12640848192400345
0.39999999999999997	-0.1	0.15433250475676769	0.0981356515043033
0.39999999999999997	-0.0	0.15996680780507108	0.10931700181254031
0.39999999999999997	0.1	0.14959747985276825	0.10744096502006278
0.39999999999999997	0.2	0.15536998335535857	0.10151880338024204
0.39999999999999997	0.3	0.1396869654402463	0.09687599302829578
0.39999999999999997	0.4	0.13872178543786207	0.09466361038485804
0.39999999999999997	0.5	0.13202007625630188	0.10440826551966059
0.39999999999999997	0.6	0.13217329676331388	0.11350503343865267
0.39999999999999997	0.7	0.13124792858489365	0.09825612791695292
0.39999999999999997	0.8	0.130763318728367	0.10040346300740709
0.39999999999999997	0.9	0.11798021785031088	0.09134886539952033
0.39999999999999997	0.999	0.11187333335794605	0.06997266111170254
0.44999999999999996	-0.999	0.15763047644383218	0.0959532564236315
0.44999999999999996	-0.9	0.16885414791696526	0.11765331240763659
0.44999999999999996	-0.8	0.1637750322503491	0.10822049963794529
0.44999999999999996	-0.7	0.16709333000753393	0.1244816752092483
0.44999999999999996	-0.6	0.17359191108520022	0.13816342807948362
0.44999999999999996	-0.5	0.16761755165742576	0.10266112969188426
0.44999999999999996	-0.4	0.1714346701867027	0.13026639029143547
0.44999999999999996	-0.3	0.15740930959881896	0.10032988070813059
0.44999999999999996	-0.2	0.15768579922040607	0.11800386214040605
0.44999999999999996	-0.1	0.1713643082816465	0.13218868289583238
0.44999999999999996	-0.0	0.16382654496437551	0.12651565778849158
0.44999999999999996	0.1	0.1461638442578298	0.1118964957234685
0.44999999999999996	0.2	0.1685242686563925	0.13663964539357673
0.44999999999999996	0.3	0.13722084417735253	0.09003788619545859
0.44999999999999996	0.4	0.13814847690391605	0.08850175726832017
0.44999999999999996	0.5	0.13662078560679447	0.09802356426994714
0.44999999999999996	0.6	0.13186612756246957	0.09562406271992101
0.44999999999999996	0.7	0.12856048409277043	0.09477478046951193
0.44999999999999996	0.8	0.13717732384311268	0.11573435715193098
0.44999999999999996	0.9	0.11944150384163914	0.0872498149281146
0.44999999999999996	0.999	0.11240987649111911	0.07433545192600127
0.5	-0.999	0.1668725888844181	0.10690780302029293
0.5	-0.9	0.1670752695870661	0.12420556289009267
0.5	-0.8	0.15267279902153943	0.0918584934779718
0.5	-0.7	0.1591992650665918	0.1305570332390375
0.5	-0.6	0.16946158166925632	0.12046390925187267
0.5	-0.5	0.17034131591768187	0.1264517021198352
0.5	-0.4	0.1656552905356507	0.11207350452703618
0.5	-0.3	0.16158630003876343	0.1091801628313441
0.5	-0.2	0.1646658173758298	0.10752347766798016
0.5	-0.1	0.16331218084982016	0.11619530762422027
0.5	-0.0	0.16446179306946146	0.12470931194204958
0.5	0.1	0.1610283043683167	0.11724251165276303
0.5	0.2	0.15925169425118874	0.12004702143301269
0.5	0.3	0.1542865285158222	0.12964315253100603
0.5	0.4	0.13866908697396288	0.08752315932330214
0.5	0.5	0.14575343587448406	0.10630297045489287
0.5	0.6	0.14030996071770896	0.10738877630704055
0.5	0.7	0.13265859694116303	0.09793104167876311
0.5	0.8	0.1334335221811093	0.10484887832261934
0.5	0.9	0.1256718542553584	0.09457456618782582
0.5	0.999	0.10944445645549246	0.07082186674701821
0.5499999999999999	-0.999	0.16874463897391814	0.11832699193148664
0.5499999999999999	-0.9	0.15875410474639243	0.10974038342139063
0.5499999999999999	-0.8	0.17548343205121184	0.1251145865053993
0.5499999999999999	-0.7	0.15629902905562965	0.10538017515143983
0.5499999999999999	-0.6	0.16557133409378136	0.11527578391704489
0.5499999999999999	-0.5	0.16801763689263896	0.12132926594888693
0.5499999999999999	-0.4	0.1692371639508599	0.10614432685544016
0.5499999999999999	-0.3	0.16626772913572346	0.11191587208882958
0.5499999999999999	-0.2	0.18789787676328246	0.14825095758891824
0.5499999999999999	-0.1	0.16681940247992577	0.12325230844113524
0.5499999999999999	-0.0	0.15226272283349424	0.09805377632892831
0.5499999999999999	0.1	0.15444641886065047	0.11337162009898638
0.5499999999999999	0.2	0.14600093332507258	0.09951934640357384
0.5499999999999999	0.3	0.15517526413841654	0.10247363765925614
0.5499999999999999	0.4	0.1433881555216445	0.08751659282021694
0.5499999999999999	0.5	0.13779922594271585	0.08623116173894933
0.5499999999999999	0.6	0.1459742437351727	0.1229211959421492
0.5499999999999999	0.7	0.15222019648354929	0.1448029167819799
0.5499999999999999	0.8	0.12968420843168305	0.08620405267982803
0.5499999999999999	0.9	0.13252435483379582	0.10547502640463984
0.5499999999999999	0.999	0.1216996706118231	0.08564401281111275
0.6	-0.999	0.16906529865847036	0.12023056056733843
0.6	-0.9	0.16108392115506528	0.12146053764008241
0.6	-0.8	0.16505468073102197	0.12304736275041382
0.6	-0.7	0.1512115678472652	0.10275076739405711
0.6	-0.6	0.1701624718651049	0.1361871339297107
0.6	-0.5	0.16541086499740726	0.11622799282605313
0.6	-0.4	0.17282607206785158	0.11844727072511116
0.6	-0.3	0.16810862248478411	0.1115243909677359
0.6	-0.2	0.15949963049295732	0.10824481174169565
0.6	-0.1	0.16037061048829684	0.11357461220898316
0.6	-0.0	0.161854374786977	0.12173910983243025
0.6	0.1	0.16461515210953492	0.12517471550968579
0.6	0.2	0.15614052881801965	0.1110604420919375
0.6	0.3	0.15600159999643248	0.10748123960253866
0.6	0.4	0.1601749827161509	0.11529309722805821
0.6	0.5	0.14948082578216978	0.11639763560891227
0.6	0.6	0.143762094801526	0.11846638824832188
0.6	0.7	0.13501127718990585	0.08079676115704343
0.6	0.8	0.1371848903797783	0.1071919856372617
0.6	0.9	0.13802107034130903	0.11191039357834626
0.6	0.999	0.13805436567752655	0.10710270074417119
0.65	-0.999	0.1632245973570176	0.12628786488235824
0.65	-0.9	0.15427901654585036	0.10236246834070548
0.65	-0.8	0.1572950025895503	0.09652164940477975
0.65	-0.7	0.16779450892979567	0.1151821143205127
0.65	-0.6	0.1768905628881544	0.12269707190674764
0.65	-0.5	0.16673601348440723	0.11891254779670482
0.65	-0.4	0.16004064529403883	0.09957066135469625
0.65	-0.3	0.16432491632407747	0.12126759913296303
0.65	-0.2	0.16013853472804487	0.10067203223275109
0.65	-0.1	0.16927750996729976	0.11595879500935971
0.65	-0.0	0.15350532934717953	0.08820816132881087
0.65	0.1	0.15457317676123836	0.10057460121911513
0.65	0.2	0.14882103512355396	0.08894846510178209
0.65	0.3	0.15136470630521023	0.10255218025302125
0.65	0.4	0.16326741812791626	0.1279865969732271
0.65	0.5	0.1325280026451459	0.07863405121737295
0.65	0.6	0.15519685880248565	0.11674270808047184
0.65	0.7	0.1319681388652507	0.09071365073526426
0.65	0.8	0.12860935602246348	0.08650434179151927
0.65	0.9	0.13263193950748492	0.11931585957498639
0.65	0.999	0.1357729961419582	0.0958371630518024
0.7000000000000001	-0.999	0.1663585030074833	0.11842537899997105
0.7000000000000001	-0.9	0.16614292313490878	0.1137487845805862
0.7000000000000001	-0.8	0.16994169563885503	0.11622436972347293
0.7000000000000001	-0.7	0.16739551793937227	0.1095568747006975
0.7000000000000001	-0.6	0.16633800146096886	0.11203199891711327
0.7000000000000001	-0.5	0.1791181017156827	0.13028156087459236
0.7000000000000001	-0.4	0.17455840079889023	0.11861361237762902
0.7000000000000001	-0.3	0.19494315174386534	0.15633017437686136
0.7000000000000001	-0.2	0.16283603044662084	0.09944905210815232
0.7000000000000001	-0.1	0.1715547442166113	0.12696636844000314
0.7000000000000001	-0.0	0.17516584505482785	0.11423652870386294
0.7000000000000001	0.1	0.1722231214568108	0.12372348571877796
0.7000000000000001	0.2	0.1636770683890209	0.10528863151952068
0.7000000000000001	0.3	0.17080260003627734	0.12805878278122332
0.7000000000000001	0.4	0.16204016123674214	0.13625486753603488
0.7000000000000001	0.5	0.1481664923480851	0.10808013068430218
0.7000000000000001	0.6	0.14479423831573454	0.09489906033998438
0.7000000000000001	0.7	0.14628462708149897	0.09549730051444227
0.7000000000000001	0.8	0.15669624778174343	0.12890566278380924
0.7000000000000001	0.9	0.13434512399243317	0.09186327972878132
0.7000000000000001	0.999	0.1374294751054972	0.11593587340192511
0.7499999999999999	-0.999	0.18742286839227068	0.16164312953624754
0.7499999999999999	-0.9	0.16711085007810256	0.11219686255697565
0.7499999999999999	-0.8	0.1802492059658391	0.12230827023564662
0.7499999999999999	-0.7	0.16693338168624847	0.10435289188239433
0.7499999999999999	-0.6	0.18518202453238225	0.12400316358263497
0.7499999999999999	-0.5	0.17329800467355183	0.1095081838812914
0.7499999999999999	-0.4	0.17576580601485609	0.12631355505534092
0.7499999999999999	-0.3	0.17738177322966833	0.12498073869595142
0.7499999999999999	-0.2	0.18075092568637244	0.12015315070583535
0.7499999999999999	-0.1	0.16849767193091986	0.10029165630096112
0.7499999999999999	-0.0	0.17105188040263636	0.12751351689645238
0.7499999999999999	0.1	0.16617192111410728	0.10821742488144197
0.7499999999999999	0.2	0.17499343165182316	0.1409722136709251
0.7499999999999999	0.3	0.16683469597166747	0.10966677609550117
0.7499999999999999	0.4	0.1852264083793524	0.1465356648026827
0.7499999999999999	0.5	0.15591562841852566	0.10510419340657041
0.7499999999999999	0.6	0.15508274356708612	0.11231995221171845
0.7499999999999999	0.7	0.15818153918918323	0.12654087321159402
0.7499999999999999	0.8	0.1508270032401751	0.08827886760089547
0.7499999999999999	0.9	0.13835713135981506	0.1162871593503888
0.7499999999999999	0.999	0.1339702822536984	0.10616319130900383
0.7999999999999999	-0.999	0.18423283590576328	0.13572788848664133
0.7999999999999999	-0.9	0.1708325099536181	0.137798329242259
0.7999999999999999	-0.8	0.17886794817151003	0.11387503239913307
0.7999999999999999	-0.7	0.1854479110719644	0.13663970894398622
0.7999999999999999	-0.6	0.1852690380987294	0.12978387182110382
0.7999999999999999	-0.5	0.18633535199578383	0.12050786952640356
0.7999999999999999	-0.4	0.18317168552100532	0.12263269195343901
0.7999999999999999	-0.3	0.18011316555831272	0.10865044161193681
0.7999999999999999	-0.2	0.20483017549384475	0.16414078151362801
0.7999999999999999	-0.1	0.18348164867752847	0.12371794444136174
0.7999999999999999	-0.0	0.17608099363077168	0.1314866892936873
0.7999999999999999	0.1	0.18717428434730415	0.1379142228312435
0.7999999999999999	0.2	0.18328907176918172	0.13010355444601668
0.7999999999999999	0.3	0.1875710614272635	0.1543221184142393
0.7999999999999999	0.4	0.15973325462487042	0.11119016649635133
0.7999999999999999	0.5	0.15585817231313176	0.12005043952020612
0.7999999999999999	0.6	0.16253085469777678	0.1130865220605211
0.7999999999999999	0.7	0.1651353711864273	0.13923914822470002
0.7999999999999999	0.8	0.15751165510561718	0.11199429519920832
0.7999999999999999	0.9	0.16983275022340935	0.14630364847501187
0.7999999999999999	0.999	0.15774622618401904	0.12061933470474337
0.85	-0.999	0.18037047882726073	0.1221753155598965
0.85	-0.9	0.1697959125293621	0.1132978257005855
0.85	-0.8	0.1923929331656598	0.1454191469620448
0.85	-0.7	0.2094253890906477	0.14549466392323732
0.85	-0.6	0.19187205109188635	0.13276304988843643
0.85	-0.5	0.2075702428182651	0.14594553289880396
0.85	-0.4	0.2163130384840813	0.16354239558618008
0.85	-0.3	0.17761350399935136	0.11117634802861827
0.85	-0.2	0.19545488532869476	0.1236347463839752
0.85	-0.1	0.19736658963914333	0.1429391387091928
0.85	-0.0	0.19503562888320614	0.12376976594538786
0.85	0.1	0.17493418453881204	0.11247120236552303
0.85	0.2	0.1898638557326495	0.12123843950181884
0.85	0.3	0.17915012152529744	0.11302622899186901
0.85	0.4	0.17587590467728847	0.10407304500482879
0.85	0.5	0.179831725474459	0.12376471964054166
0.85	0.6	0.1656626470861121	0.11533496107040289
0.85	0.7	0.172088650362506	0.12177208578594555
0.85	0.8	0.15134721338840737	0.09278657718741072
0.85	0.9	0.15709121019220312	0.11058791804367102
0.85	0.999	0.1434595000239358	0.08864400709894495
0.8999999999999999	-0.999	0.20765476927640206	0.1371278452723947
0.8999999999999999	-0.9	0.2062790014826877	0.14972608722538086
0.8999999999999999	-0.8	0.19141190099881367	0.12587607964305314
0.8999999999999999	-0.7	0.19784984123251134	0.1432729997510827
0.8999999999999999	-0.6	0.22474078218347115	0.15862529434758368
0.8999999999999999	-0.5	0.20505797784091434	0.13900198912480466
0.8999999999999999	-0.4	0.21040077203820753	0.15483216920082235
0.8999999999999999	-0.3	0.2012684665595414	0.13515897125453705
0.8999999999999999	-0.2	0.2101178128880097	0.14645759706013528
0.8999999999999999	-0.1	0.20525832267955402	0.14657393860563292
0.8999999999999999	-0.0	0.20194457495342408	0.12558549842105962
0.8999999999999999	0.1	0.20746355354298787	0.14590232126597008
0.8999999999999999	0.2	0.2056060324215591	0.1498334562993049
0.8999999999999999	0.3	0.23168185901370386	0.16972727750468625
0.8999999999999999	0.4	0.20990073015413335	0.13740082537741183
0.8999999999999999	0.5	0.1970011475307518	0.1173077964931992
0.8999999999999999	0.6	0.1889494720354912	0.12475890648940706
0.8999999999999999	0.7	0.1856706485149281	0.12805699400693035
0.8999999999999999	0.8	0.17055700763480808	0.1084184256251615
0.8999999999999999	0.9	0.16048309138290687	0.0978282296527013
0.8999999999999999	0.999	0.18044641472972586	0.12815409333518052
0.95	-0.999	0.21854675480238397	0.136989813276818
0.95	-0.9	0.2400811420100599	0.1636821675023269
0.95	-0.8	0.21665947851025977	0.13811349619730726
0.95	-0.7	0.24551113239283084	0.15884729843753195
0.95	-0.6	0.22961725101695643	0.13373431157847795
0.95	-0.5	0.22447696484652754	0.13922506427707856
0.95	-0.4	0.24374840064853961	0.16134740289915753
0.95	-0.3	0.24811410565193878	0.1572938729752904
0.95	-0.2	0.24320977787932985	0.16688294947223214
0.95	-0.1	0.22176406196030418	0.11793927544470219
0.95	-0.0	0.23510385523374763	0.1710288696155063
0.95	0.1	0.23066731775215624	0.13973289893988536
0.95	0.2	0.227139257337139	0.13858528565931894
0.95	0.3	0.22598371062932576	0.1477172795947627
0.95	0.4	0.21379995710881403	0.12309332422551468
0.95	0.5	0.21185433290413389	0.13307951010866353
0.95	0.6	0.24290961986911783	0.16630862868813442
0.95	0.7	0.22184112073922968	0.14005206230501513
0.95	0.8	0.21406349793310991	0.15606446434716875
0.95	0.9	0.21773413216018941	0.15723189434952464
0.95	0.999	0.20533292364814645	0.1448639376480891
0.9998999999999999	-0.999	0.4788668646626027	0.27843632591663076
0.9998999999999999	-0.9	0.4791414840296181	0.24749408001595846
0.9998999999999999	-0.8	0.5145280915026766	0.27627497508235094
0.9998999999999999	-0.7	0.46928178268290727	0.23974077339536737
0.9998999999999999	-0.6	0.5039744290122173	0.2660342379050251
0.9998999999999999	-0.5	0.44846331363119135	0.22506252381376166
0.9998999999999999	-0.4	0.4579952609643724	0.23899898851088555
0.9998999999999999	-0.3	0.49779929367389086	0.2640327802713614
0.9998999999999999	-0.2	0.46092912212620024	0.2433097878718298
0.9998999999999999	-0.1	0.46213150710292683	0.22420458639460336
0.9998999999999999	-0.0	0.47721464687555354	0.2317205351080789
0.9998999999999999	0.1	0.4771932635701057	0.24661226528166733
0.9998999999999999	0.2	0.4572650961999232	0.2370488680245747
0.9998999999999999	0.3	0.4940013816105698	0.2387275964560794
0.9998999999999999	0.4	0.48360277156057824	0.24717696497834812
0.9998999999999999	0.5	0.4073444103424945	0.21362571549453305
0.9998999999999999	0.6	0.4243044850594674	0.2132893544542553
0.9998999999999999	0.7	0.41952986222197475	0.22461643801023315
0.9998999999999999	0.8	0.41315958857852964	0.21931564138132495
0.9998999999999999	0.9	0.40982100395946175	0.21405691882789113
0.9998999999999999	0.999	0.39147471593985805	0.19407613931814174
