#a	c	gamma	std
0.0001	-0.999	-0.00066794339416782	0.01583317994622243
0.0001	-0.9	0.000429731904440311	0.016147326978116168
0.0001	-0.8	-0.001794986424595065	0.016021433055653834
0.0001	-0.7	-0.0006476494253640154	0.014804342623662311
0.0001	-0.6	-2.8650649494048003e-05	0.013956193520765488
0.0001	-0.5	0.0006435657114263822	0.013798375316050491
0.0001	-0.4	-0.0023120145286964324	0.015528198656661918
0.0001	-0.3	0.000656202044559423	0.01600283941676716
0.0001	-0.2	-0.000779190175395297	0.0171898244881831
0.0001	-0.1	-0.0018160107602365472	0.015725728640226984
0.0001	-0.0	5.765602415181607e-05	0.013929212389416204
0.0001	0.1	-0.00011786967216168462	0.01566613821344294
0.0001	0.2	0.0005412099403218388	0.01530107477144251
0.0001	0.3	-0.0029388786049025966	0.013396428524674205
0.0001	0.4	0.0010366564945915502	0.014699330275694792
0.0001	0.5	0.0013880900965180735	0.01593560127283072
0.0001	0.6	0.0012218111481465987	0.014542524409036268
0.0001	0.7	0.004115429243324763	0.016567324211648696
0.0001	0.8	-0.0012533991673155322	0.015030115035548557
0.0001	0.9	0.0014383196146430318	0.01424468968726192
0.0001	0.999	0.003168085899299439	0.015159099966095367
0.049999999999999996	-0.998	0.009491247774262588	0.016299868316870927
0.049999999999999996	-0.9	0.023882859651236803	0.019364389741947496
0.049999999999999996	-0.8	0.026412811156734817	0.020805545350201782
0.049999999999999996	-0.7	0.030594636880864667	0.021657608224414406
0.049999999999999996	-0.6	0.03170002026244006	0.02460673078787051
0.049999999999999996	-0.5	0.02919051380314495	0.0223539279977878
0.049999999999999996	-0.4	0.030649876532488917	0.02091249255504121
0.049999999999999996	-0.3	0.02942239861630037	0.022474234871108306
0.049999999999999996	-0.2	0.03055391055565358	0.022838050538837293
0.049999999999999996	-0.1	0.0320178777689576	0.023169805470613265
0.049999999999999996	-0.0	0.033432873528953355	0.01999173733933481
0.049999999999999996	0.098	0.034985702433310624	0.022674158430226184
0.049999999999999996	0.198	0.03494873720869484	0.020909478871715775
0.049999999999999996	0.298	0.032605872931952225	0.020175570567294618
0.049999999999999996	0.398	0.03563181507126818	0.021120277994979307
0.049999999999999996	0.498	0.036544430949109814	0.024054598776381723
0.049999999999999996	0.598	0.03554141482938971	0.02093311946580277
0.049999999999999996	0.698	0.0353955707335161	0.019507239067859485
0.049999999999999996	0.798	0.03278873513494385	0.021378405159045665
0.049999999999999996	0.898	0.03222218030799098	0.01877347265443676
0.049999999999999996	0.998	0.03316850422443826	0.018788484208163807
0.09999999999999999	-0.999	0.027439056860364654	0.026448534697969275
0.09999999999999999	-0.9	0.05608241621577882	0.02729982945015165
0.09999999999999999	-0.8	0.05551171874448799	0.03024149258725369
0.09999999999999999	-0.7	0.0633888073604868	0.027887150076176325
0.09999999999999999	-0.6	0.057599134644498104	0.028665252051587677
0.09999999999999999	-0.5	0.06277475064583869	0.030264983303022665
0.09999999999999999	-0.4	0.06312112994403593	0.03199640218195104
0.09999999999999999	-0.3	0.06330397749542305	0.03153810749918271
0.09999999999999999	-0.2	0.0634934361366334	0.028434372682126997
0.09999999999999999	-0.1	0.06426042119383045	0.03141044366314769
0.09999999999999999	-0.0	0.05999466985433675	0.03488131949115404
0.09999999999999999	0.099	0.06481061439958537	0.030200209093272146
0.09999999999999999	0.199	0.06563604222002391	0.02888513218482025
0.09999999999999999	0.299	0.06125966199437583	0.033396392505597026
0.09999999999999999	0.399	0.06955388939306424	0.03158332304133486
0.09999999999999999	0.499	0.06133659933935235	0.03342040508217391
0.09999999999999999	0.599	0.06409744120423416	0.028223104626395136
0.09999999999999999	0.699	0.0633927684681537	0.0327380038157959
0.09999999999999999	0.799	0.0702761680967036	0.03188091998447185
0.09999999999999999	0.899	0.06883716803473741	0.032024234531749254
0.09999999999999999	0.999	0.06762488773955833	0.037631751156029965
0.15	-0.999	0.04979870999826102	0.033339394518696025
0.15	-0.9	0.0745590089236652	0.03668991704473481
0.15	-0.8	0.07718174180095712	0.030317533762760796
0.15	-0.7	0.07892763981079517	0.030044624546063114
0.15	-0.6	0.09067798040196498	0.03632263491197395
0.15	-0.5	0.09371059901370471	0.040116315593031485
0.15	-0.4	0.09437362018187746	0.03357594442313711
0.15	-0.3	0.08554899833761653	0.03519159564344968
0.15	-0.2	0.09452537371656916	0.040076199134229516
0.15	-0.1	0.09648849993383792	0.04599147372658611
0.15	-0.0	0.09471715082242207	0.04193503406313676
0.15	0.099	0.09158874357618488	0.03540490882813589
0.15	0.199	0.09505541530892317	0.03451958249430962
0.15	0.299	0.09483522587166965	0.040732154586949454
0.15	0.399	0.09441015711281835	0.040379810193468514
0.15	0.499	0.09428440137339861	0.03899588325789307
0.15	0.599	0.087436134893649	0.03869826113887653
0.15	0.699	0.09549168075569778	0.04081586469009415
0.15	0.799	0.09593121417820574	0.040977328055312415
0.15	0.899	0.10052629252457866	0.04439908742773594
0.15	0.999	0.09951564025220189	0.04637089374582287
0.19999999999999998	-0.999	0.07702021674128776	0.047398231440358284
0.19999999999999998	-0.9	0.10126118327975331	0.04190886189747968
0.19999999999999998	-0.8	0.11188354380453919	0.040596758083371355
0.19999999999999998	-0.7	0.10664850575050046	0.040986015874977244
0.19999999999999998	-0.6	0.12015320862462404	0.046492412199858994
0.19999999999999998	-0.5	0.12093515184767802	0.04653099685607713
0.19999999999999998	-0.4	0.11182121571650865	0.047713042500961506
0.19999999999999998	-0.3	0.11523049246356237	0.04559690300687037
0.19999999999999998	-0.2	0.13244738937748882	0.049140536859956986
0.19999999999999998	-0.1	0.11883075343478743	0.0451855182154376
0.19999999999999998	-0.0	0.12520643516300997	0.053977034066237724
0.19999999999999998	0.1	0.12857994844630535	0.05069423806515324
0.19999999999999998	0.199	0.11691606924160229	0.049833557908686286
0.19999999999999998	0.299	0.12720927492458306	0.048033066774717754
0.19999999999999998	0.4	0.12339417167531617	0.05562973534640898
0.19999999999999998	0.499	0.12584751488912044	0.04253465848043423
0.19999999999999998	0.6	0.13343993529074957	0.046539553149007235
0.19999999999999998	0.7	0.12022040612142743	0.044650994206741686
0.19999999999999998	0.799	0.12574909504168685	0.050069617166474845
0.19999999999999998	0.899	0.11864881520953617	0.04957093289316108
0.19999999999999998	0.999	0.11917165797421259	0.04776274032330661
0.25	-0.999	0.09150128379621122	0.051613340299563
0.25	-0.9	0.11880948782809933	0.0444554945797066
0.25	-0.8	0.12913980157436697	0.04850839383180854
0.25	-0.7	0.13297648799893236	0.045299077854767694
0.25	-0.6	0.13998170126345647	0.048851238770206876
0.25	-0.5	0.1469077139103985	0.059800919061533155
0.25	-0.4	0.13682720873813217	0.058097901953208
0.25	-0.3	0.1398935880511409	0.05161738074637124
0.25	-0.2	0.15058042017690587	0.05881927450595782
0.25	-0.1	0.14759116405243786	0.05639777771774867
0.25	-0.0	0.14866910162903874	0.06510729259894953
0.25	0.1	0.15111118991134728	0.05126929136267882
0.25	0.2	0.15391926406837259	0.056610454338784005
0.25	0.3	0.14914533199320995	0.061012027865774754
0.25	0.4	0.15181552011090285	0.05871936476634382
0.25	0.5	0.13067069730467762	0.05208759944997765
0.25	0.6	0.14392558219199553	0.05307978847688798
0.25	0.7	0.14874294682359412	0.05882425862230749
0.25	0.8	0.16025637831330936	0.0583821176178534
0.25	0.9	0.15625548402373568	0.05589987234494125
0.25	0.999	0.14280848197764776	0.06080975184132723
0.3	-0.999	0.1012875120281909	0.05808042477322341
0.3	-0.9	0.13786419123482965	0.05326922528694263
0.3	-0.8	0.15423658782485364	0.05559192324759746
0.3	-0.7	0.1622718934932955	0.058387910305915176
0.3	-0.6	0.1648744179572349	0.060156033333281254
0.3	-0.5	0.1694467796060834	0.06450803248219225
0.3	-0.4	0.16862522498926688	0.05671635505505302
0.3	-0.3	0.1816634815641002	0.05884742868349287
0.3	-0.2	0.15965676990084401	0.0651704898384915
0.3	-0.1	0.17503692922892589	0.06122117952577986
0.3	-0.0	0.1811817140642392	0.05867848349718528
0.3	0.1	0.17950691456147094	0.06368850752410242
0.3	0.2	0.17840946220613288	0.07264598137320773
0.3	0.3	0.1860926661277564	0.0730574608443462
0.3	0.4	0.17267715503551292	0.06539102191834624
0.3	0.5	0.16689157587518688	0.0684786694787186
0.3	0.6	0.17947423743453036	0.06283961957641468
0.3	0.7	0.17311118988342705	0.07201730662270284
0.3	0.8	0.1838990639839293	0.0654644417510239
0.3	0.9	0.1789291473411571	0.06280892974813934
0.3	0.999	0.1829164835977953	0.0652277739982205
0.35000000000000003	-0.999	0.1308351038771308	0.06667409735973755
0.35000000000000003	-0.9	0.16128464247211158	0.07159866691814429
0.35000000000000003	-0.8	0.17624451614585637	0.0583906015125857
0.35000000000000003	-0.7	0.17773775468343808	0.05635009190183995
0.35000000000000003	-0.6	0.18881842212787597	0.06296260462287273
0.35000000000000003	-0.5	0.17688133945389012	0.0563408062263846
0.35000000000000003	-0.4	0.1975830463381368	0.06557187258574199
0.35000000000000003	-0.3	0.19867830631969638	0.06776155942611475
0.35000000000000003	-0.2	0.18984462317776982	0.072420050830156
0.35000000000000003	-0.1	0.20200035565971755	0.06916456046923615
0.35000000000000003	-0.0	0.1980981281045034	0.06947278594292401
0.35000000000000003	0.1	0.19494107971737196	0.06387157090087384
0.35000000000000003	0.2	0.19982326414747076	0.07825393084002136
0.35000000000000003	0.3	0.19150590675385845	0.07234786372826882
0.35000000000000003	0.4	0.19121004354977514	0.06946760471251918
0.35000000000000003	0.5	0.18893603787570462	0.07534136963836423
0.35000000000000003	0.6	0.20924492789082963	0.0800302114031999
0.35000000000000003	0.7	0.20362592467842025	0.06603691256348164
0.35000000000000003	0.8	0.19729403902895412	0.06707071360570684
0.35000000000000003	0.9	0.2195784845108849	0.0740838350033406
0.35000000000000003	0.999	0.20190995578866877	0.07471035934501631
0.39999999999999997	-0.999	0.15487771163140343	0.07261965729995686
0.39999999999999997	-0.9	0.17119736856891038	0.06950735258615587
0.39999999999999997	-0.8	0.19565961526347236	0.061040076638588396
0.39999999999999997	-0.7	0.2071825845678402	0.07276869769661459
0.39999999999999997	-0.6	0.20459045213514418	0.07054533463590813
0.39999999999999997	-0.5	0.21790623442762944	0.06730987969250525
0.39999999999999997	-0.4	0.20617906106376468	0.0776177231011215
0.39999999999999997	-0.3	0.22714004625848447	0.08005530328351602
0.39999999999999997	-0.2	0.23424837266769608	0.0833829589027887
0.39999999999999997	-0.1	0.22395734839188824	0.07703036968725901
0.39999999999999997	-0.0	0.22464349228836406	0.07249012715665229
0.39999999999999997	0.1	0.2407990434372504	0.07413371668041928
0.39999999999999997	0.2	0.2187942974823086	0.07985151030886933
0.39999999999999997	0.3	0.22678650768648057	0.07617778636430887
0.39999999999999997	0.4	0.23338211906573023	0.08894055996727003
0.39999999999999997	0.5	0.2313607563781794	0.09013014621931213
0.39999999999999997	0.6	0.2369298269982855	0.08713578898620553
0.39999999999999997	0.7	0.23318044375986532	0.09380744564131717
0.39999999999999997	0.8	0.22628739720715055	0.08164786269414989
0.39999999999999997	0.9	0.22246741135447246	0.0744279541698096
0.39999999999999997	0.999	0.22889444575115075	0.07969540481250748
0.44999999999999996	-0.999	0.16812197232027518	0.07892808147791282
0.44999999999999996	-0.9	0.20221778677182004	0.06035509967027146
0.44999999999999996	-0.8	0.2285211087935293	0.06632104849126433
0.44999999999999996	-0.7	0.23703210299455701	0.07495177437684576
0.44999999999999996	-0.6	0.23141418507507644	0.07025129504331586
0.44999999999999996	-0.5	0.2415172551896572	0.07409886820074178
0.44999999999999996	-0.4	0.23395554097517843	0.0718070505524597
0.44999999999999996	-0.3	0.24529124222648369	0.07272051414757376
0.44999999999999996	-0.2	0.24571868161629304	0.075112994535296
0.44999999999999996	-0.1	0.2543152717446915	0.08281173167612146
0.44999999999999996	-0.0	0.26288110953047883	0.09217071255507463
0.44999999999999996	0.1	0.25903759732989645	0.08272747174520445
0.44999999999999996	0.2	0.25290353516634456	0.07972735035925908
0.44999999999999996	0.3	0.24666452768900435	0.07908891189056826
0.44999999999999996	0.4	0.2598477406251551	0.0863273738409819
0.44999999999999996	0.5	0.24637286595282643	0.0920934262921417
0.44999999999999996	0.6	0.24729782663388894	0.08470796659624463
0.44999999999999996	0.7	0.23841811207594732	0.08768599845650375
0.44999999999999996	0.8	0.24526447418639513	0.07361683790486069
0.44999999999999996	0.9	0.25597125938861687	0.09163141552676562
0.44999999999999996	0.999	0.2705005071160062	0.08209664412304579
0.5	-0.999	0.18578084229161665	0.08083341157679545
0.5	-0.9	0.23013231809542323	0.07790534024293466
0.5	-0.8	0.24673978713558722	0.07002304207965375
0.5	-0.7	0.2485367054130238	0.07223865868358306
0.5	-0.6	0.26206181425793634	0.07429199951300666
0.5	-0.5	0.27284814924340645	0.08413829822297197
0.5	-0.4	0.27237138632583713	0.08005532859145364
0.5	-0.3	0.2838284878003657	0.08719745803514001
0.5	-0.2	0.2899098035738167	0.08197832442101352
0.5	-0.1	0.2739686375063434	0.08440816028008025
0.5	-0.0	0.2789205861316676	0.0776178018382541
0.5	0.1	0.27266866604663936	0.08295911031495241
0.5	0.2	0.2659858730120806	0.08651820017166416
0.5	0.3	0.28457057553934717	0.08163120069640199
0.5	0.4	0.2851075782120596	0.08649860858579309
0.5	0.5	0.2726021013980798	0.08757290795684083
0.5	0.6	0.26410368118652555	0.08230439818704405
0.5	0.7	0.2760294527823718	0.09477526009326592
0.5	0.8	0.2671183597591151	0.08569804814714525
0.5	0.9	0.28076658020387546	0.09285713608819426
0.5	0.999	0.2663963737281274	0.0846570908807571
0.5499999999999999	-0.999	0.20969423728986414	0.08963081830931761
0.5499999999999999	-0.9	0.25085697071509105	0.07361865279861687
0.5499999999999999	-0.8	0.25956679786533926	0.07019624652943485
0.5499999999999999	-0.7	0.275053555668094	0.08603129996267132
0.5499999999999999	-0.6	0.2762630081953295	0.081917325784665
0.5499999999999999	-0.5	0.29564174161355583	0.08277976119501271
0.5499999999999999	-0.4	0.29138527010016463	0.08820939221720002
0.5499999999999999	-0.3	0.2966680120133442	0.09081733310346361
0.5499999999999999	-0.2	0.2964272556629205	0.08478181048470765
0.5499999999999999	-0.1	0.3013741785907684	0.08825393921890114
0.5499999999999999	-0.0	0.31789288257120873	0.08749255762244947
0.5499999999999999	0.1	0.2927335582970337	0.0887469950700162
0.5499999999999999	0.2	0.3022212823860032	0.0818865933363822
0.5499999999999999	0.3	0.31846198430450146	0.09689408409159496
0.5499999999999999	0.4	0.30666818556299147	0.08288544128430571
0.5499999999999999	0.5	0.3009114579713526	0.10150794215568615
0.5499999999999999	0.6	0.31636461246696695	0.09100083897194283
0.5499999999999999	0.7	0.3069724389961158	0.08532384449256426
0.5499999999999999	0.8	0.303876547146441	0.09163291539705486
0.5499999999999999	0.9	0.3096799621067506	0.0967139329564218
0.5499999999999999	0.999	0.311326137153269	0.09545501070617504
0.6	-0.999	0.22990305873303576	0.0928708693768206
0.6	-0.9	0.2914512109602257	0.0807135770442215
0.6	-0.8	0.3066352687992259	0.08783837201184543
0.6	-0.7	0.3084780939085768	0.08347252884895086
0.6	-0.6	0.29925034617315405	0.08095694608089292
0.6	-0.5	0.311508588464838	0.09708725700833264
0.6	-0.4	0.3235974621362627	0.09096552184285019
0.6	-0.3	0.32200480436636214	0.08230473673573047
0.6	-0.2	0.32743761418754963	0.09773814849624125
0.6	-0.1	0.31765090773145527	0.09072417463002876
0.6	-0.0	0.33461383134714817	0.08918146250603319
0.6	0.1	0.3321908917706116	0.09991073942453566
0.6	0.2	0.33697329636186674	0.10445868040765433
0.6	0.3	0.3305508994121766	0.10733236749422198
0.6	0.4	0.31160706141933975	0.09571285356660272
0.6	0.5	0.3326344919788464	0.10345597782422074
0.6	0.6	0.3379319369218495	0.09175470262671284
0.6	0.7	0.334958575457944	0.10216636347612713
0.6	0.8	0.33228951197361023	0.10348381108021436
0.6	0.9	0.3358566445764201	0.10406763478389175
0.6	0.999	0.33268670774090764	0.0991393608701203
0.65	-0.999	0.27333202421681274	0.10731871457954677
0.65	-0.9	0.2976649597467101	0.08613667613844493
0.65	-0.8	0.30675753442108655	0.08185416364620568
0.65	-0.7	0.3347775112101559	0.08515326092439264
0.65	-0.6	0.32857455007059516	0.0778810338390173
0.65	-0.5	0.36070616266447725	0.09491667875874157
0.65	-0.4	0.3520654072151916	0.09095106945302418
0.65	-0.3	0.35318123186401534	0.09071422274271701
0.65	-0.2	0.3530474272870779	0.09471657227617954
0.65	-0.1	0.3438140991737273	0.08955550346253228
0.65	-0.0	0.36332809682139344	0.1029539213285413
0.65	0.1	0.34151770537888704	0.10098832694076551
0.65	0.2	0.3510463703574595	0.09234114720020538
0.65	0.3	0.3326376835759093	0.08989802795851129
0.65	0.4	0.3735194769574349	0.1033986536825788
0.65	0.5	0.34053496395478433	0.09068606910772653
0.65	0.6	0.35291364258174757	0.10623019215587892
0.65	0.7	0.36525865990657463	0.10702731774963367
0.65	0.8	0.36593572154504195	0.09170932629462304
0.65	0.9	0.36560697862365377	0.09771575103572916
0.65	0.999	0.37723649849736823	0.0990591187982628
0.7000000000000001	-0.999	0.284632511375674	0.09871834587681805
0.7000000000000001	-0.9	0.32660670170664124	0.0752907455267201
0.7000000000000001	-0.8	0.35471594393284667	0.08524010087022205
0.7000000000000001	-0.7	0.3536648986791561	0.08500401627721484
0.7000000000000001	-0.6	0.3730616948912051	0.08147251655970683
0.7000000000000001	-0.5	0.3632150885291102	0.08956337886454778
0.7000000000000001	-0.4	0.3647902211905251	0.09340737815552083
0.7000000000000001	-0.3	0.38722728475811385	0.09447324210556736
0.7000000000000001	-0.2	0.37471474979256164	0.10289589884214252
0.7000000000000001	-0.1	0.3826865551869183	0.09170933634182242
0.7000000000000001	-0.0	0.3747745361848419	0.09283892544670261
0.7000000000000001	0.1	0.38637050270164963	0.0975592488543824
0.7000000000000001	0.2	0.37197812314303064	0.10240360743516357
0.7000000000000001	0.3	0.390495920962794	0.10141217642970342
0.7000000000000001	0.4	0.41882979419555094	0.09952130924169907
0.7000000000000001	0.5	0.37880870123653104	0.10403182553526441
0.7000000000000001	0.6	0.4025264143530368	0.1044481808695129
0.7000000000000001	0.7	0.38615058397314683	0.10473317670494484
0.7000000000000001	0.8	0.3858374212524121	0.10772039260948639
0.7000000000000001	0.9	0.38541789590751147	0.09989978139563627
0.7000000000000001	0.999	0.38185107708991695	0.11632866768281101
0.7499999999999999	-0.999	0.32023309130991223	0.10207653272655003
0.7499999999999999	-0.9	0.37555703404880564	0.0875083377640823
0.7499999999999999	-0.8	0.36681583402348156	0.08274243400253475
0.7499999999999999	-0.7	0.40095263993641517	0.09102189258269516
0.7499999999999999	-0.6	0.3953737705190475	0.09043651280519081
0.7499999999999999	-0.5	0.41231243544966695	0.09664103602663754
0.7499999999999999	-0.4	0.4106468170944462	0.09144217827066763
0.7499999999999999	-0.3	0.413534112779471	0.09214585052503022
0.7499999999999999	-0.2	0.4236694102169433	0.10181198723036043
0.7499999999999999	-0.1	0.40602677584486035	0.10111230995925538
0.7499999999999999	-0.0	0.43143302577428044	0.10720679159287169
0.7499999999999999	0.1	0.42645645761072765	0.11004910020012783
0.7499999999999999	0.2	0.42007063045621224	0.09548259223022908
0.7499999999999999	0.3	0.41963811719114	0.10222966618238467
0.7499999999999999	0.4	0.4202139733845679	0.11002190796671077
0.7499999999999999	0.5	0.43234311127945696	0.1083748342297114
0.7499999999999999	0.6	0.4199321092145354	0.1090379064305917
0.7499999999999999	0.7	0.4322088376333794	0.11527131204755785
0.7499999999999999	0.8	0.42030532994181896	0.11228695557179513
0.7499999999999999	0.9	0.417417146167339	0.11567846581607467
0.7499999999999999	0.999	0.42191729981581527	0.10923982213211669
0.7999999999999999	-0.999	0.3603772353137037	0.10859367275832994
0.7999999999999999	-0.9	0.40664075451628495	0.0991812855182074
0.7999999999999999	-0.8	0.38992101480579083	0.08171169637708856
0.7999999999999999	-0.7	0.4275699109527232	0.09094026141719713
0.7999999999999999	-0.6	0.4443508386982846	0.10485949477056225
0.7999999999999999	-0.5	0.43136221832834915	0.09104341170494532
0.7999999999999999	-0.4	0.4480490076235738	0.10535927583372692
0.7999999999999999	-0.3	0.45105609593784196	0.10103938984597606
0.7999999999999999	-0.2	0.4583969344309708	0.1074489992951546
0.7999999999999999	-0.1	0.4496487375238724	0.1087582193823747
0.7999999999999999	-0.0	0.4679141577567512	0.11889528373038055
0.7999999999999999	0.1	0.4514340649431466	0.11089668366738974
0.7999999999999999	0.2	0.4762296638712861	0.10402768796447633
0.7999999999999999	0.3	0.4581339656308446	0.10368198808888836
0.7999999999999999	0.4	0.4776070219014483	0.11624774030913873
0.7999999999999999	0.5	0.4494808288780694	0.10869589219079051
0.7999999999999999	0.6	0.44961908472053436	0.10546210338210411
0.7999999999999999	0.7	0.4705115374058376	0.10789505512681416
0.7999999999999999	0.8	0.4627594082923302	0.10911052687295832
0.7999999999999999	0.9	0.4657007577099166	0.10000538773518974
0.7999999999999999	0.999	0.47679214984838447	0.10707643853107776
0.85	-0.999	0.3996437276503198	0.11317752018625936
0.85	-0.9	0.4258513175419678	0.08787971519411572
0.85	-0.8	0.45060072020748854	0.09254062496391251
0.85	-0.7	0.45199424295726015	0.0957107185861968
0.85	-0.6	0.48344387446341447	0.09798460154524384
0.85	-0.5	0.5005833337289484	0.10933502264222379
0.85	-0.4	0.4712058862704185	0.09700204896625589
0.85	-0.3	0.49357619939961955	0.09993929973492792
0.85	-0.2	0.5019947786157004	0.10365606673913806
0.85	-0.1	0.5187016574257038	0.10635167872528761
0.85	-0.0	0.513795804588696	0.11082045601746437
0.85	0.1	0.4909029042779664	0.11243426186613444
0.85	0.2	0.5022336912020048	0.10242530211879593
0.85	0.3	0.49443587923073185	0.11199533805909759
0.85	0.4	0.5182722503831241	0.10077629659318182
0.85	0.5	0.49757362180797277	0.13071031366047448
0.85	0.6	0.5188895594977725	0.10426896646336493
0.85	0.7	0.5105962534901523	0.11359578126838014
0.85	0.8	0.5013353791873164	0.11051555844257242
0.85	0.9	0.5001604629219326	0.10609396578213534
0.85	0.999	0.5040499475759802	0.13087745723035277
0.8999999999999999	-0.999	0.43483706352712603	0.1137404745432964
0.8999999999999999	-0.9	0.5042263603633218	0.08973539716993009
0.8999999999999999	-0.8	0.516511460210215	0.08309997912913483
0.8999999999999999	-0.7	0.5334541980236893	0.10269425015762515
0.8999999999999999	-0.6	0.5459761821508706	0.08932842472051977
0.8999999999999999	-0.5	0.5412666283509424	0.09664795796713144
0.8999999999999999	-0.4	0.5422314093262861	0.09748425861352815
0.8999999999999999	-0.3	0.5373414261061141	0.10259495468474976
0.8999999999999999	-0.2	0.5735626995823269	0.1068821777138029
0.8999999999999999	-0.1	0.569148697831079	0.103013477584314
0.8999999999999999	-0.0	0.5614741400861982	0.10505991357073695
0.8999999999999999	0.1	0.5603315054312951	0.1217095303110788
0.8999999999999999	0.2	0.5628773067415431	0.11496040163833716
0.8999999999999999	0.3	0.5581089419839201	0.12092437330839287
0.8999999999999999	0.4	0.582180738902316	0.10303702841524331
0.8999999999999999	0.5	0.5811195723413901	0.09595140855085127
0.8999999999999999	0.6	0.5647857653196368	0.10630462361176304
0.8999999999999999	0.7	0.5734195283255807	0.10166856239311436
0.8999999999999999	0.8	0.5569660655626557	0.11890770874045241
0.8999999999999999	0.9	0.5607939931793752	0.12131098748024888
0.8999999999999999	0.999	0.5765423233403905	0.10711300752026066
0.95	-0.999	0.534468956071567	0.11280213091492372
0.95	-0.9	0.561535555842657	0.0885414638598621
0.95	-0.8	0.6050555349719887	0.09479668318355026
0.95	-0.7	0.6064366514698447	0.08396370230379471
0.95	-0.6	0.6194437984994808	0.09377316936404767
0.95	-0.5	0.6159402308624647	0.09142736060764967
0.95	-0.4	0.6288472789871589	0.09946104483339183
0.95	-0.3	0.6486718102573271	0.08333083488083416
0.95	-0.2	0.6450878257993691	0.08577241793337641
0.95	-0.1	0.6405676005600839	0.10607381104133928
0.95	-0.0	0.655264153997109	0.08723596765536386
0.95	0.1	0.6369794469989635	0.10466093447609479
0.95	0.2	0.6486064622504956	0.09582777127876468
0.95	0.3	0.6471128941922862	0.10370902583802562
0.95	0.4	0.6537764096241776	0.10204810952356036
0.95	0.5	0.6605647123926391	0.09992722344313547
0.95	0.6	0.6578983254342646	0.10402129191658632
0.95	0.7	0.6683880016982928	0.10226155820149363
0.95	0.8	0.6489134206266516	0.09807830949711516
0.95	0.9	0.6555936145813912	0.11246949143715447
0.95	0.999	0.6604788564110574	0.10678724141702439
0.9998999999999999	-0.999	0.8526261035220428	0.06963368342909519
0.9998999999999999	-0.9	0.8888160423255886	0.05025949786712202
0.9998999999999999	-0.8	0.8993627060862461	0.0452220249096736
0.9998999999999999	-0.7	0.9133736451888924	0.037968290529943965
0.9998999999999999	-0.6	0.9320580142698488	0.03048567303563615
0.9998999999999999	-0.5	0.9299657316187152	0.0359224678947191
0.9998999999999999	-0.4	0.9338600681426847	0.0366687271046051
0.9998999999999999	-0.3	0.9493038862431014	0.023690520519966715
0.9998999999999999	-0.2	0.9525558245407936	0.025987232537432528
0.9998999999999999	-0.1	0.9552553488727696	0.023083172597309392
0.9998999999999999	-0.0	0.9584587235414075	0.024107078239931662
0.9998999999999999	0.1	0.9653114219145663	0.018591744981530732
0.9998999999999999	0.2	0.9657469203422673	0.01985615984410451
0.9998999999999999	0.3	0.9676191149232559	0.016291635383148668
0.9998999999999999	0.4	0.9709877198227832	0.013710887443248458
0.9998999999999999	0.5	0.9712921442839109	0.012813062044420257
0.9998999999999999	0.6	0.975868584252339	0.010724698518623867
0.9998999999999999	0.7	0.9733542607857746	0.014287611682353735
0.9998999999999999	0.8	0.9764769550964468	0.010848152598882686
0.9998999999999999	0.9	0.9741109391226663	0.017024891936701918
0.9998999999999999	0.999	0.976425013615867	0.011119334790132407
