#a	c	mean	std
0.0001	-0.999	0.7908094666129106	0.05482064801406024
0.0001	-0.9	0.7785591331883409	0.05052192861000753
0.0001	-0.8	0.7619159256401014	0.04717958386681164
0.0001	-0.7	0.740212903383113	0.0449027767767055
0.0001	-0.6	0.7211735042618943	0.04537437159145417
0.0001	-0.5	0.7041755052141552	0.04320960299587197
0.0001	-0.4	0.6879570166726074	0.048013226352140365
0.0001	-0.3	0.6680489905626195	0.04878700370372555
0.0001	-0.2	0.6557678038041238	0.04720438792171575
0.0001	-0.1	0.6403083964182297	0.05118546908164785
0.0001	-0.0	0.6264648655347708	0.05223340469024978
0.0001	0.1	0.6170429516462218	0.05379694385518888
0.0001	0.2	0.6091106836550568	0.05100311042379642
0.0001	0.3	0.597295425707774	0.05262262548228972
0.0001	0.4	0.5850114325477531	0.05345843307980576
0.0001	0.5	0.574569469773062	0.05558168113215943
0.0001	0.6	0.5635383633877583	0.05936296693082259
0.0001	0.7	0.5533350262563141	0.05585607819436147
0.0001	0.8	0.5477418257877644	0.06073176690938863
0.0001	0.9	0.5370872543891624	0.05948997989485225
0.0001	0.999	0.5322137967389216	0.05883960231100298
0.049999999999999996	-0.998	0.7474696904446716	0.06727255714768555
0.049999999999999996	-0.9	0.7311962239515299	0.06312097135655845
0.049999999999999996	-0.8	0.7117498945601046	0.06731016647928792
0.049999999999999996	-0.7	0.6974974359768399	0.058652268252458443
0.049999999999999996	-0.6	0.6799057315025087	0.057190495972927344
0.049999999999999996	-0.5	0.6642407443663464	0.05396537891639363
0.049999999999999996	-0.4	0.6471251986699799	0.05588149180056259
0.049999999999999996	-0.3	0.634825982416068	0.057710678821140414
0.049999999999999996	-0.2	0.620731678635905	0.05606969337773199
0.049999999999999996	-0.1	0.6075267037298255	0.05665708451237528
0.049999999999999996	-0.0	0.5919269688077279	0.0583595824505151
0.049999999999999996	0.098	0.5771230192890702	0.05705051205083389
0.049999999999999996	0.198	0.5660307513729982	0.05803512060081296
0.049999999999999996	0.298	0.5582656070174854	0.05884067712898075
0.049999999999999996	0.398	0.5444699701183484	0.0621333787745725
0.049999999999999996	0.498	0.5289262900226366	0.0644313710119439
0.049999999999999996	0.598	0.523707505160365	0.06217865550560254
0.049999999999999996	0.698	0.5162581274474631	0.0653302502833553
0.049999999999999996	0.798	0.5111483297677756	0.06217084297377274
0.049999999999999996	0.898	0.503084513389567	0.06141407505386265
0.049999999999999996	0.998	0.4920298187040154	0.06462589149166038
0.09999999999999999	-0.999	0.7012993959607241	0.08102298393479697
0.09999999999999999	-0.9	0.6735709691901653	0.08861764030717685
0.09999999999999999	-0.8	0.675642782760649	0.06871778284273343
0.09999999999999999	-0.7	0.6514013262538468	0.0674265169279448
0.09999999999999999	-0.6	0.6542919342676076	0.061183632363621836
0.09999999999999999	-0.5	0.6263382688345339	0.06909739326458077
0.09999999999999999	-0.4	0.6231590338378052	0.05711464255765465
0.09999999999999999	-0.3	0.5983496711108075	0.06811723770459345
0.09999999999999999	-0.2	0.5873777558824202	0.062484481842165894
0.09999999999999999	-0.1	0.5714383294671737	0.05864548648875629
0.09999999999999999	-0.0	0.5624188589068827	0.06694302925494248
0.09999999999999999	0.099	0.5487636498365734	0.06589434088160259
0.09999999999999999	0.199	0.5379598860859665	0.0610473388952297
0.09999999999999999	0.299	0.5294645784669534	0.06121684629381035
0.09999999999999999	0.399	0.5063317843249088	0.06797485387871895
0.09999999999999999	0.499	0.5088756935087271	0.06831335858706047
0.09999999999999999	0.599	0.496616476525938	0.06265436761497484
0.09999999999999999	0.699	0.49041337170979193	0.06868913287980886
0.09999999999999999	0.799	0.4743653239778338	0.06721165166869954
0.09999999999999999	0.899	0.4622522095880198	0.06589973307183791
0.09999999999999999	0.999	0.4615222033080414	0.06954899329608918
0.15	-0.999	0.6656477432475295	0.09050868034679299
0.15	-0.9	0.656164010678996	0.08316901820500273
0.15	-0.8	0.6428539967296342	0.08640244232072021
0.15	-0.7	0.6324738469307626	0.07909896603663251
0.15	-0.6	0.6173465482679781	0.07157173704741308
0.15	-0.5	0.597564310412151	0.0732287465863264
0.15	-0.4	0.5888808854678705	0.06341652827220395
0.15	-0.3	0.5789973672640784	0.0597588067126349
0.15	-0.2	0.561900503664235	0.06095579506037474
0.15	-0.1	0.5456493856971697	0.06266900452444893
0.15	-0.0	0.533965248053452	0.06642984585782932
0.15	0.099	0.5251527779857686	0.06220169422587004
0.15	0.199	0.5109168372347669	0.0633554837465533
0.15	0.299	0.503361316362466	0.06464082909590069
0.15	0.399	0.4868204610687096	0.06947446609616505
0.15	0.499	0.47724632753995205	0.06404443395474475
0.15	0.599	0.4806657494029166	0.06517253156156923
0.15	0.699	0.4611307053292547	0.06952996991720836
0.15	0.799	0.449237443738722	0.06956445675014727
0.15	0.899	0.4387436099598615	0.06762807969457249
0.15	0.999	0.4225214508859175	0.07592825066868127
0.19999999999999998	-0.999	0.6307577056469381	0.09985120684716445
0.19999999999999998	-0.9	0.6070138206234024	0.10193915421166946
0.19999999999999998	-0.8	0.5968955156859513	0.09036120710382857
0.19999999999999998	-0.7	0.5972348893544935	0.0781078394360931
0.19999999999999998	-0.6	0.5888295018448305	0.07523604780210016
0.19999999999999998	-0.5	0.5692558983344872	0.0804431854059323
0.19999999999999998	-0.4	0.5768116722287563	0.06661434834670736
0.19999999999999998	-0.3	0.5521456590656076	0.0686117152934429
0.19999999999999998	-0.2	0.5313847074559792	0.06774051556506588
0.19999999999999998	-0.1	0.5224523442240102	0.06767440516559292
0.19999999999999998	-0.0	0.5083292587505777	0.07305747879062821
0.19999999999999998	0.1	0.49819123982447844	0.06410226445083342
0.19999999999999998	0.199	0.4923995156456042	0.06707909325421503
0.19999999999999998	0.299	0.47597716729813067	0.07341095398637028
0.19999999999999998	0.4	0.4699185756063019	0.06902305106498093
0.19999999999999998	0.499	0.4516516063323145	0.06497048835205448
0.19999999999999998	0.6	0.4415541767404765	0.06678783925469077
0.19999999999999998	0.7	0.440791226162577	0.06434295747472625
0.19999999999999998	0.799	0.4284272905583168	0.07475321645203623
0.19999999999999998	0.899	0.4223953516273261	0.07052219938058811
0.19999999999999998	0.999	0.4113134987945659	0.07033875114552444
0.25	-0.999	0.5984777782648095	0.10964892288632426
0.25	-0.9	0.6064444841291078	0.09692186218799373
0.25	-0.8	0.5936155201430187	0.09379987011509228
0.25	-0.7	0.5693816458690262	0.08872353215879214
0.25	-0.6	0.5625797717964118	0.08328115416919755
0.25	-0.5	0.5579936572985024	0.08017466509708435
0.25	-0.4	0.5464316408245654	0.07634143366508858
0.25	-0.3	0.5378496605197186	0.07049642871601759
0.25	-0.2	0.5165830589054009	0.06983391653623953
0.25	-0.1	0.5022322216824623	0.06387407649382723
0.25	-0.0	0.49418033057987115	0.07353085706411393
0.25	0.1	0.4792896760934092	0.06870091138416279
0.25	0.2	0.4610823284226812	0.06607415469432822
0.25	0.3	0.4598198532705576	0.06485658797671313
0.25	0.4	0.44244091809508346	0.06983686771774555
0.25	0.5	0.455179004213207	0.06847390511621321
0.25	0.6	0.4347145063530805	0.06576934045661595
0.25	0.7	0.4168321926212207	0.07046782049870226
0.25	0.8	0.4058112876549641	0.0694294294369253
0.25	0.9	0.40003455463658844	0.06940633091226864
0.25	0.999	0.39150393032362635	0.07423149628675593
0.3	-0.999	0.5965933218204758	0.10484864795424517
0.3	-0.9	0.5732279816486776	0.10904902748608165
0.3	-0.8	0.5703297658356585	0.09843288697166896
0.3	-0.7	0.5577731421938191	0.09102996816438602
0.3	-0.6	0.5396115154507621	0.09272846668154372
0.3	-0.5	0.5291636615255901	0.08322181961798265
0.3	-0.4	0.5217837838225156	0.07203889891055133
0.3	-0.3	0.5071671110351422	0.06992866583047533
0.3	-0.2	0.5024720919170076	0.07696750300448059
0.3	-0.1	0.48582833245738044	0.06841143375194
0.3	-0.0	0.4686501562068389	0.07520452863719253
0.3	0.1	0.460707780239631	0.07093080268064632
0.3	0.2	0.4470735861592442	0.06759910229595474
0.3	0.3	0.43618289205945227	0.0701485775842891
0.3	0.4	0.43559844154625427	0.06625781759529978
0.3	0.5	0.4327868677226957	0.06664034272683331
0.3	0.6	0.40794080448616843	0.06571918727018472
0.3	0.7	0.4023913315786661	0.07086644123648139
0.3	0.8	0.3945417838648441	0.0654992049639977
0.3	0.9	0.38228315492932496	0.07085845344891531
0.3	0.999	0.3682134583857088	0.07249468637572835
0.35000000000000003	-0.999	0.5713130759970515	0.11366300679447036
0.35000000000000003	-0.9	0.5491666858222448	0.12395823910951423
0.35000000000000003	-0.8	0.5453349730010247	0.10561149632534755
0.35000000000000003	-0.7	0.5438811099083979	0.09237588846127968
0.35000000000000003	-0.6	0.5274762760017574	0.09630030995135715
0.35000000000000003	-0.5	0.5246124719461132	0.08084160241971859
0.35000000000000003	-0.4	0.4970486343043616	0.08687794386727772
0.35000000000000003	-0.3	0.4925223447491412	0.07354992454846453
0.35000000000000003	-0.2	0.4927901255659886	0.07856909262533474
0.35000000000000003	-0.1	0.47092248541744897	0.07341517570656567
0.35000000000000003	-0.0	0.4620090349817022	0.07084643799516586
0.35000000000000003	0.1	0.4561851860227991	0.06854939566753866
0.35000000000000003	0.2	0.44235370012575387	0.07158023384410647
0.35000000000000003	0.3	0.43875081305033437	0.06724018116093154
0.35000000000000003	0.4	0.424430227713451	0.07024397780948644
0.35000000000000003	0.5	0.41524644668951877	0.07582895934784488
0.35000000000000003	0.6	0.3968396273695036	0.07210056175471323
0.35000000000000003	0.7	0.39240905619341576	0.06704974477500651
0.35000000000000003	0.8	0.3834645801392289	0.07028924839235813
0.35000000000000003	0.9	0.35277860090712254	0.07135147158216357
0.35000000000000003	0.999	0.36712402926082244	0.06703508924096754
0.39999999999999997	-0.999	0.5427118172533318	0.12541585057332227
0.39999999999999997	-0.9	0.55396133114498	0.11528958828282403
0.39999999999999997	-0.8	0.533386576183475	0.10275975781329058
0.39999999999999997	-0.7	0.5144444816195383	0.10537538936158956
0.39999999999999997	-0.6	0.5266482159592549	0.08775875421282345
0.39999999999999997	-0.5	0.5064872386259722	0.08231267202153958
0.39999999999999997	-0.4	0.4929762760635944	0.09094956408814321
0.39999999999999997	-0.3	0.46899982962335063	0.08528492235874487
0.39999999999999997	-0.2	0.461123286451864	0.07467826157967589
0.39999999999999997	-0.1	0.4582700359427176	0.06747503206640318
0.39999999999999997	-0.0	0.4476960584429529	0.0676418569769195
0.39999999999999997	0.1	0.42400736075912515	0.06720276396294009
0.39999999999999997	0.2	0.4267540823234069	0.07030765862119155
0.39999999999999997	0.3	0.4117195605001484	0.06836367637411996
0.39999999999999997	0.4	0.4045378895976522	0.07135975542588606
0.39999999999999997	0.5	0.3960670726254409	0.08302454600007035
0.39999999999999997	0.6	0.38490552111637844	0.06884968270957749
0.39999999999999997	0.7	0.3689365008248157	0.07518247658840464
0.39999999999999997	0.8	0.36577993502447326	0.07208703566302072
0.39999999999999997	0.9	0.3590302160392883	0.07249837465698368
0.39999999999999997	0.999	0.3470155722720971	0.07061097430851004
0.44999999999999996	-0.999	0.5445130173421538	0.11923932381784916
0.44999999999999996	-0.9	0.5262843970813298	0.12104219211477585
0.44999999999999996	-0.8	0.5045040090876068	0.11088069941244391
0.44999999999999996	-0.7	0.49206942922113517	0.10928986439533978
0.44999999999999996	-0.6	0.49399762428684557	0.09046664035008185
0.44999999999999996	-0.5	0.49072658825116633	0.07523460513529091
0.44999999999999996	-0.4	0.47281334522611956	0.07577945195183541
0.44999999999999996	-0.3	0.46157178944099464	0.07739337903105496
0.44999999999999996	-0.2	0.4541637999161184	0.07369087327308096
0.44999999999999996	-0.1	0.43598146878039756	0.07342026718098307
0.44999999999999996	-0.0	0.42705908083325717	0.07377803099264081
0.44999999999999996	0.1	0.4179257249973226	0.06539042524147096
0.44999999999999996	0.2	0.41187014803054256	0.06802551174061557
0.44999999999999996	0.3	0.4028166775920628	0.06872700671972598
0.44999999999999996	0.4	0.3902960817209627	0.06973012985762031
0.44999999999999996	0.5	0.3891343452794415	0.07430524707297784
0.44999999999999996	0.6	0.37244980756529533	0.06585563001964481
0.44999999999999996	0.7	0.36817249952500597	0.07641629990984919
0.44999999999999996	0.8	0.35868094937229617	0.06663197350641596
0.44999999999999996	0.9	0.343223196036613	0.07418258784756479
0.44999999999999996	0.999	0.33174637950942276	0.06543105561751814
0.5	-0.999	0.5297801137996132	0.11771530600301158
0.5	-0.9	0.5028265755702821	0.11644443802152073
0.5	-0.8	0.49412638470844006	0.10330516040581006
0.5	-0.7	0.4792091388822332	0.10373275936976983
0.5	-0.6	0.47896267411755467	0.09715454056961341
0.5	-0.5	0.46315424063152844	0.0889138186821585
0.5	-0.4	0.45721124314161776	0.08493872926693795
0.5	-0.3	0.44279196934919174	0.07859032468288578
0.5	-0.2	0.43531442856704594	0.07900116288031335
0.5	-0.1	0.43128710048078067	0.07011293495805661
0.5	-0.0	0.427162406456737	0.06751349076604725
0.5	0.1	0.4185584118564254	0.06423084315320371
0.5	0.2	0.4172713237841944	0.06735624436331365
0.5	0.3	0.37776644905848833	0.0721816718273462
0.5	0.4	0.38501951779426913	0.06647176866116353
0.5	0.5	0.37690603261370165	0.06892049379026173
0.5	0.6	0.37260258896292575	0.06743450751914641
0.5	0.7	0.3613737449686699	0.06731737595989937
0.5	0.8	0.35283629837261	0.06973886497186982
0.5	0.9	0.3385836295757852	0.072723621167008
0.5	0.999	0.3323339505228453	0.07030544142548181
0.5499999999999999	-0.999	0.5228989474718218	0.1263260070624689
0.5499999999999999	-0.9	0.49777119372842343	0.12199416429085988
0.5499999999999999	-0.8	0.5034285912439576	0.10381194752055167
0.5499999999999999	-0.7	0.46733075138430136	0.1013637020108323
0.5499999999999999	-0.6	0.4750974164049159	0.09401079701623723
0.5499999999999999	-0.5	0.4539738313535394	0.08604470533223393
0.5499999999999999	-0.4	0.458997078889046	0.07899536559131226
0.5499999999999999	-0.3	0.4451243736118667	0.07651761319572736
0.5499999999999999	-0.2	0.4380619425673213	0.07540697197738289
0.5499999999999999	-0.1	0.4260914320275164	0.07431426178442085
0.5499999999999999	-0.0	0.4031649566065018	0.06864403856508174
0.5499999999999999	0.1	0.4064006048632497	0.07823817764208293
0.5499999999999999	0.2	0.39407001551524246	0.06521526466640236
0.5499999999999999	0.3	0.38168924686527167	0.0706858793593963
0.5499999999999999	0.4	0.37170216982280985	0.06412827294831487
0.5499999999999999	0.5	0.36237058883217316	0.06898924318642052
0.5499999999999999	0.6	0.3433681749465379	0.06841174096800674
0.5499999999999999	0.7	0.3493409102863838	0.06738990838313881
0.5499999999999999	0.8	0.34233530341507395	0.07285968944157821
0.5499999999999999	0.9	0.3310875379227931	0.07304987523220023
0.5499999999999999	0.999	0.31807818503389323	0.06604522275670466
0.6	-0.999	0.5231014276289955	0.12832676083441388
0.6	-0.9	0.46742529399528643	0.12729113086664398
0.6	-0.8	0.4677677040518	0.11993811783531347
0.6	-0.7	0.4490570946177	0.11194056382810934
0.6	-0.6	0.45988409220083476	0.0998061087732172
0.6	-0.5	0.45525214702739786	0.09951265068776813
0.6	-0.4	0.4352393221017475	0.08615204856655084
0.6	-0.3	0.4291173260087024	0.07540135865058561
0.6	-0.2	0.4144369738618916	0.07825832411645942
0.6	-0.1	0.42274885164046	0.0710108625980793
0.6	-0.0	0.3938299659642645	0.07381262907444863
0.6	0.1	0.39654708046543136	0.07304314208727304
0.6	0.2	0.3815159458066006	0.07076210089128548
0.6	0.3	0.38322522662862546	0.07458647220518681
0.6	0.4	0.37970243294665484	0.06934095437520683
0.6	0.5	0.3515715472345227	0.07242606207296896
0.6	0.6	0.34577339186513484	0.06956579963012711
0.6	0.7	0.3425803498427502	0.06874310784251175
0.6	0.8	0.3277841537605033	0.06871716102901805
0.6	0.9	0.3257406703228918	0.07279360060902938
0.6	0.999	0.3177139736177446	0.07108403417193768
0.65	-0.999	0.4831234449742735	0.1394123632155608
0.65	-0.9	0.46761519118204964	0.11681889680170952
0.65	-0.8	0.4700251395144625	0.10892863874574191
0.65	-0.7	0.4655130140182099	0.10217744671822201
0.65	-0.6	0.4584616813838631	0.093558582967228
0.65	-0.5	0.42798171306586164	0.08746143508307216
0.65	-0.4	0.42085881009441173	0.08141737497269155
0.65	-0.3	0.4203217810521971	0.08383089182901894
0.65	-0.2	0.41295053113486435	0.07754853150192488
0.65	-0.1	0.4132789836054543	0.07238295785933226
0.65	-0.0	0.3920149653203057	0.071252435149952
0.65	0.1	0.39749639103122797	0.06875749839622726
0.65	0.2	0.37780772600382867	0.06904568192717903
0.65	0.3	0.3820949882250022	0.0670168912323895
0.65	0.4	0.34687242140028385	0.06806844918770419
0.65	0.5	0.35029161343820464	0.0622252450820911
0.65	0.6	0.34493882699256817	0.07556139739051822
0.65	0.7	0.3267405522268341	0.0715160552092365
0.65	0.8	0.3238233946572786	0.06187215049208088
0.65	0.9	0.30661083256295724	0.07141016972647973
0.65	0.999	0.3020681658586733	0.06260913618260136
0.7000000000000001	-0.999	0.48738210019303796	0.1314824840802904
0.7000000000000001	-0.9	0.4690760453105467	0.12191220627856791
0.7000000000000001	-0.8	0.45384711156965085	0.11062706801027113
0.7000000000000001	-0.7	0.453331149635942	0.10968343093337021
0.7000000000000001	-0.6	0.4367596611180597	0.08937681984291636
0.7000000000000001	-0.5	0.43558482337163545	0.09495452749676211
0.7000000000000001	-0.4	0.41827369134079345	0.07803445178429332
0.7000000000000001	-0.3	0.41003625655774856	0.08446537630288388
0.7000000000000001	-0.2	0.40729582528564856	0.08328766163856274
0.7000000000000001	-0.1	0.38454712200592917	0.07236663652502606
0.7000000000000001	-0.0	0.3977356180441461	0.07189661201240997
0.7000000000000001	0.1	0.38351834576429217	0.06818579860819426
0.7000000000000001	0.2	0.3852172460649619	0.07192244293580075
0.7000000000000001	0.3	0.36273357979915616	0.06901548955216123
0.7000000000000001	0.4	0.33000952308672926	0.06728931236385452
0.7000000000000001	0.5	0.3452502018922908	0.07316831823366357
0.7000000000000001	0.6	0.32958291419337626	0.06394620643384882
0.7000000000000001	0.7	0.3315494193392621	0.06486226305542588
0.7000000000000001	0.8	0.32660187774211463	0.06968732675556327
0.7000000000000001	0.9	0.3137244235586919	0.06593330783587732
0.7000000000000001	0.999	0.307161947310464	0.07134030031443292
0.7499999999999999	-0.999	0.4789036366456597	0.12587948382825417
0.7499999999999999	-0.9	0.44167243118307653	0.12318189697189
0.7499999999999999	-0.8	0.459294347276644	0.11036227331944151
0.7499999999999999	-0.7	0.4282916177123907	0.10841893781449252
0.7499999999999999	-0.6	0.4405131075345952	0.09442223917553164
0.7499999999999999	-0.5	0.4184853234111688	0.0982474345058256
0.7499999999999999	-0.4	0.4140517580368719	0.08506381645676826
0.7499999999999999	-0.3	0.40597426993764063	0.0758718576879824
0.7499999999999999	-0.2	0.39558105281488803	0.07866409936201005
0.7499999999999999	-0.1	0.39750725628271727	0.07873753521271054
0.7499999999999999	-0.0	0.37286418743666677	0.0738970400194558
0.7499999999999999	0.1	0.3657480949172144	0.0723027721462652
0.7499999999999999	0.2	0.36481856373835814	0.06078057152394463
0.7499999999999999	0.3	0.35956513412031255	0.06515026277586886
0.7499999999999999	0.4	0.3540875233769237	0.07071672996316289
0.7499999999999999	0.5	0.3344801728570746	0.06945988565986085
0.7499999999999999	0.6	0.33397574219718174	0.06852581201392392
0.7499999999999999	0.7	0.3237411088219817	0.07085569492279495
0.7499999999999999	0.8	0.31857639849659314	0.0705891806153435
0.7499999999999999	0.9	0.3110690641853073	0.07695471353648366
0.7499999999999999	0.999	0.30537848369780973	0.0702357322831631
0.7999999999999999	-0.999	0.4648340988486451	0.1346610881639255
0.7999999999999999	-0.9	0.4334567200985584	0.1256333233897306
0.7999999999999999	-0.8	0.46283986388856774	0.11197279137482667
0.7999999999999999	-0.7	0.4395079763752593	0.10671934019400928
0.7999999999999999	-0.6	0.4252391281520103	0.1042808841927457
0.7999999999999999	-0.5	0.4285149255515612	0.08063946753195261
0.7999999999999999	-0.4	0.4010479183776002	0.09307921817907117
0.7999999999999999	-0.3	0.41006067750413294	0.08439422030055303
0.7999999999999999	-0.2	0.38593918283048717	0.08750094998691019
0.7999999999999999	-0.1	0.38396186913686764	0.08096834320026808
0.7999999999999999	-0.0	0.36930636535020883	0.07883828087926335
0.7999999999999999	0.1	0.37315282786316306	0.07538729668010596
0.7999999999999999	0.2	0.3558730443582978	0.06624117006646732
0.7999999999999999	0.3	0.356574720284876	0.06640885121659779
0.7999999999999999	0.4	0.3369491509422904	0.0763578635969515
0.7999999999999999	0.5	0.3410303708657209	0.0728177102329173
0.7999999999999999	0.6	0.33022033926286626	0.06686538713212115
0.7999999999999999	0.7	0.3192651604995229	0.06492816868355838
0.7999999999999999	0.8	0.3060426244410492	0.06244612157101641
0.7999999999999999	0.9	0.30181095693149074	0.06444305817913996
0.7999999999999999	0.999	0.29092550770902326	0.0596605682165203
0.85	-0.999	0.4520255060077908	0.14121590189470887
0.85	-0.9	0.45845698786533073	0.1307716437495655
0.85	-0.8	0.44450459573143664	0.1130612992227558
0.85	-0.7	0.45337220076837675	0.10744742470137993
0.85	-0.6	0.41993269810256434	0.09803410715566709
0.85	-0.5	0.4086267426824036	0.09001104749165251
0.85	-0.4	0.41252419541869184	0.09790725649555719
0.85	-0.3	0.40257393434773886	0.08182668621402663
0.85	-0.2	0.395752863064009	0.07643639262383503
0.85	-0.1	0.37067638368866607	0.07239765674166224
0.85	-0.0	0.374717389157591	0.07299083789593469
0.85	0.1	0.36760902278940305	0.07731166284868199
0.85	0.2	0.36088926253484016	0.06547598777364765
0.85	0.3	0.35680554713177054	0.06561868919750638
0.85	0.4	0.3345701881790333	0.06617509205189996
0.85	0.5	0.3394097301521358	0.07964166704688622
0.85	0.6	0.31943364038624505	0.062464383936210816
0.85	0.7	0.312660462684088	0.06972111115361103
0.85	0.8	0.31035534733640135	0.06991608592503575
0.85	0.9	0.3040891412143586	0.06538791163720735
0.85	0.999	0.29645208207519946	0.07298728115904286
0.8999999999999999	-0.999	0.4757003484179669	0.13677295411562934
0.8999999999999999	-0.9	0.4412778882539042	0.13008601268998224
0.8999999999999999	-0.8	0.42539997459019524	0.11278416759218259
0.8999999999999999	-0.7	0.40801458300047383	0.11272547905210059
0.8999999999999999	-0.6	0.429351203697241	0.10221213608142085
0.8999999999999999	-0.5	0.41188865645284817	0.09090655733297964
0.8999999999999999	-0.4	0.39975274059791405	0.08743010181188791
0.8999999999999999	-0.3	0.41132751102700565	0.08722064920499656
0.8999999999999999	-0.2	0.37755006247672396	0.08851535830044904
0.8999999999999999	-0.1	0.3723148808304315	0.07997832478715809
0.8999999999999999	-0.0	0.3738045171847833	0.06721547530359277
0.8999999999999999	0.1	0.3657907040457622	0.08106443193568601
0.8999999999999999	0.2	0.360561405640545	0.07272895124101025
0.8999999999999999	0.3	0.3581642034795141	0.07766308937921922
0.8999999999999999	0.4	0.32787620497709613	0.06531893937556267
0.8999999999999999	0.5	0.3287211185874391	0.06260062663654718
0.8999999999999999	0.6	0.3257255603697652	0.064120895885434
0.8999999999999999	0.7	0.309200490771142	0.06172308604917912
0.8999999999999999	0.8	0.3094539035240928	0.06872639816555282
0.8999999999999999	0.9	0.2979559383896163	0.07496067221147934
0.8999999999999999	0.999	0.29546508204849586	0.06842773301371521
0.95	-0.999	0.46140242084350497	0.13774396814426554
0.95	-0.9	0.4623155346198123	0.12667677430413044
0.95	-0.8	0.4250313055595463	0.11944573843326306
0.95	-0.7	0.4437114282588657	0.12011948775918577
0.95	-0.6	0.4242926852978433	0.09820110344900591
0.95	-0.5	0.4209102439677364	0.0944846477178508
0.95	-0.4	0.4157727305574059	0.08615642299989812
0.95	-0.3	0.3886992499427507	0.08713262798743142
0.95	-0.2	0.39680904441784143	0.08497270545499636
0.95	-0.1	0.38398032405842936	0.07898285589129522
0.95	-0.0	0.37247180025908294	0.07251479032377736
0.95	0.1	0.3720069935408412	0.08207464718413739
0.95	0.2	0.35886927823486264	0.06876862467614812
0.95	0.3	0.35566447110018057	0.07251321444436089
0.95	0.4	0.34668949201254495	0.07598632559958186
0.95	0.5	0.3323817430828113	0.06905138717394006
0.95	0.6	0.3282916756634097	0.06592453300734574
0.95	0.7	0.3171765598662812	0.07384690018495461
0.95	0.8	0.31588944787875106	0.06983941627639238
0.95	0.9	0.3024369155854465	0.06889017130093063
0.95	0.999	0.2933937465688033	0.07537872163331344
0.9998999999999999	-0.999	0.4830176030634566	0.15188398506050696
0.9998999999999999	-0.9	0.4965328335583115	0.1468149510622213
0.9998999999999999	-0.8	0.4900357330941415	0.12605831383983668
0.9998999999999999	-0.7	0.4522477814664522	0.11431407850496324
0.9998999999999999	-0.6	0.4465860500711668	0.10972063039725788
0.9998999999999999	-0.5	0.44131939048940916	0.10635720143840942
0.9998999999999999	-0.4	0.42645865430893654	0.10967363482889522
0.9998999999999999	-0.3	0.4416233525438977	0.08242269632456627
0.9998999999999999	-0.2	0.42028597916036436	0.10156777664886153
0.9998999999999999	-0.1	0.412733437966394	0.08274573086259428
0.9998999999999999	-0.0	0.4162457364570031	0.08644573591638148
0.9998999999999999	0.1	0.3923328006887822	0.08146492568751208
0.9998999999999999	0.2	0.3907536677990281	0.08214101491795656
0.9998999999999999	0.3	0.38973475244557043	0.08674737180174782
0.9998999999999999	0.4	0.3835092582533864	0.08465841674910836
0.9998999999999999	0.5	0.37001618823403926	0.07960897330152457
0.9998999999999999	0.6	0.348369136941439	0.0751153243995057
0.9998999999999999	0.7	0.35395166778415416	0.08078370396279912
0.9998999999999999	0.8	0.3353800479982313	0.07657325328469672
0.9998999999999999	0.9	0.34129056041230277	0.08925074842172238
0.9998999999999999	0.999	0.3245450593764344	0.0821947158916728
