#pop_size	correlation	landscape_idx	mean	std
1000	-0.9	0	0.09875461583999993	0.12957336930277594
1000	-0.9	1	0.11090293303999993	0.054723373430340144
1000	-0.9	2	0.2597885510399999	0.13523695050161252
1000	-0.9	3	0.04917825591999999	0.020565160700300178
1000	-0.9	4	0.03201931151999996	0.013751633027344516
1000	-0.9	5	0.06166938967999996	0.04040302598680282
1000	-0.9	6	0.015642199759999916	0.00792439877415147
1000	-0.9	7	0.2133352755199999	0.08327060532641027
1000	-0.9	8	0.03631457831999993	0.01594552733818077
1000	-0.9	9	0.07562901223999996	0.046412747353528266
1000	-0.9	10	0.07551951831999999	0.04024066672238414
1000	-0.9	11	0.03355520663999991	0.013964326117051853
1000	-0.9	12	0.07119024279999998	0.027477755460170568
1000	-0.9	13	0.052050778239999936	0.023955930342100386
1000	-0.9	14	0.03352682559999996	0.01389974024938686
1000	-0.9	15	0.04226924343999997	0.017531038034869495
1000	-0.9	16	0.2521116179999999	0.11497994967837062
1000	-0.9	17	0.0722390679199999	0.0954864189524205
1000	-0.9	18	0.06061147983999998	0.025141570893748754
1000	-0.9	19	0.06579822839999999	0.026694813674990117
1000	-0.9	20	0.03551639423999992	0.014589377812536544
1000	-0.9	21	0.05202645071999999	0.02090263311443075
1000	-0.9	22	0.35595534096000003	0.12880904136645677
1000	-0.9	23	0.04852022927999995	0.023039993090630394
1000	-0.9	24	0.03384959239999993	0.016699022053143234
1000	-0.9	25	0.04771724055999994	0.01865006278352019
1000	-0.9	26	0.029687178319999948	0.012979558041690039
1000	-0.9	27	0.12460022383999993	0.0590687183844332
1000	-0.9	28	0.03115471727999995	0.01316424929711877
1000	-0.9	29	0.015597881039999945	0.008109869792489325
1000	-0.9	30	0.08121452999999998	0.05342644397130428
1000	-0.9	31	0.051603998959999973	0.0350565788457484
1000	-0.9	32	0.04314071119999998	0.018039599076380513
1000	-0.9	33	0.03561698287999996	0.015199402418951315
1000	-0.9	34	0.03589390271999993	0.01818571847221636
1000	-0.9	35	0.07031514784	0.028036614223449094
1000	-0.9	36	0.0260153011999999	0.012432028345264898
1000	-0.9	37	0.057673332239999965	0.02462621545799047
1000	-0.9	38	0.03119812143999991	0.014114419684363005
1000	-0.9	39	0.030397185519999925	0.013633532327139994
1000	-0.9	40	0.14005680335999995	0.05525099049853436
1000	-0.9	41	0.24419197816	0.10948707927409154
1000	-0.9	42	0.040222761599999955	0.0320173138484372
1000	-0.9	43	0.08552742127999996	0.040506855688535896
1000	-0.9	44	0.007162903039999904	0.00468685110441645
1000	-0.9	45	0.055229564319999966	0.026694627731326248
1000	-0.9	46	0.1251930048799999	0.0651154908678389
1000	-0.9	47	0.024586649359999897	0.011040604736914098
1000	-0.9	48	0.10679019807999994	0.0567103695391015
1000	-0.9	49	0.022070812159999918	0.011384668030139593
1000	-0.9	50	0.20313305743999993	0.07852749326303998
1000	-0.9	51	0.04305329423999998	0.017386628720639154
1000	-0.9	52	0.035997049999999975	0.018240682392445366
1000	-0.9	53	0.48027025799999995	0.09937653492069858
1000	-0.9	54	0.022917059839999938	0.010926967175765002
1000	-0.9	55	0.03652452359999996	0.017585556463464238
1000	-0.9	56	0.027073631519999967	0.012035356204630657
1000	-0.9	57	0.038291373679999935	0.025252807433985152
1000	-0.9	58	0.03467863399999997	0.01674367539247314
1000	-0.9	59	0.061684363599999986	0.025670812414579258
1000	-0.9	60	0.024234225599999937	0.011784670320945255
1000	-0.9	61	0.07359726079999997	0.0266579066023212
1000	-0.9	62	0.041665496639999945	0.01842629732748165
1000	-0.9	63	0.09426512471999995	0.057077933853649634
1000	-0.9	64	0.1492240072799999	0.05616980889136852
1000	-0.9	65	0.058884376239999967	0.024972868795619767
1000	-0.9	66	0.05100329711999994	0.03884807185457925
1000	-0.9	67	0.060373954399999936	0.025762301521235022
1000	-0.9	68	0.014865185199999941	0.0078347519239252
1000	-0.9	69	0.05847389831999995	0.03875822678891765
1000	-0.9	70	0.04846515263999995	0.019502953306505373
1000	-0.9	71	0.06057810223999998	0.03555372297663587
1000	-0.9	72	0.05318761031999996	0.023725239471141888
1000	-0.9	73	0.026181343839999965	0.01193081712914204
1000	-0.9	74	0.09225621959999997	0.033790222300992045
1000	-0.9	75	0.044934636399999964	0.017738664175092338
1000	-0.9	76	0.06290401151999997	0.026547779754420592
1000	-0.9	77	0.030939022239999957	0.01290517905955311
1000	-0.9	78	0.03342395519999995	0.013918462045142108
1000	-0.9	79	0.07750449615999996	0.03114655701940989
1000	-0.9	80	0.05113207703999996	0.049495435633322045
1000	-0.9	81	0.03979981183999998	0.02270057171473801
1000	-0.9	82	0.04472412879999995	0.01785428515330437
1000	-0.9	83	0.029560020239999922	0.0139303414037322
1000	-0.9	84	0.12677974456	0.09183960533505808
1000	-0.9	85	0.04914468743999995	0.02591999995609521
1000	-0.9	86	0.021547256239999903	0.010198228120561589
1000	-0.9	87	0.09723724439999995	0.03461841194691657
1000	-0.9	88	0.030664820719999927	0.016808983997616902
1000	-0.9	89	0.05203886015999995	0.0233735695100862
1000	-0.9	90	0.03975374951999994	0.017264535983883555
1000	-0.9	91	0.05604954911999996	0.02849658025232064
1000	-0.9	92	0.027141176639999917	0.014082916089937572
1000	-0.9	93	0.07656201279999997	0.039178251141970294
1000	-0.9	94	0.028930441679999964	0.012768397712482367
1000	-0.9	95	0.12273116271999995	0.049275107240869434
1000	-0.9	96	0.03802306927999992	0.015966555507448434
1000	-0.9	97	0.04679144231999999	0.018959816580397193
1000	-0.9	98	0.09734680095999995	0.059977884736277576
1000	-0.9	99	0.03976719095999994	0.021422707520540804
