#pop_size	correlation	landscape_idx	mean	std
1000	-0.9	0	0.11103951743999994	0.04923681503545296
1000	-0.9	1	0.09081520767999998	0.05967458464988485
1000	-0.9	2	0.029106514719999897	0.012535731556816707
1000	-0.9	3	0.10209259695999996	0.06245753714428039
1000	-0.9	4	0.061994394719999964	0.024208550085252238
1000	-0.9	5	0.08027357647999994	0.03014819506390747
1000	-0.9	6	0.09878929007999995	0.05873433734596067
1000	-0.9	7	0.03776690127999997	0.015942753899672764
1000	-0.9	8	0.036173761039999947	0.0154560120189653
1000	-0.9	9	0.09020307951999995	0.03406949717488865
1000	-0.9	10	0.06100344407999997	0.03152093114943044
1000	-0.9	11	0.07688703303999994	0.03036151197242058
1000	-0.9	12	0.025754633119999894	0.011268866268238259
1000	-0.9	13	0.07090790631999995	0.029261812860300006
1000	-0.9	14	0.028818869279999937	0.01442677027883024
1000	-0.9	15	0.03335127431999992	0.01473304190168806
1000	-0.9	16	0.06583963808	0.026165340291533702
1000	-0.9	17	0.12627172919999996	0.11725744111254194
1000	-0.9	18	0.05858418007999998	0.029972170597616456
1000	-0.9	19	0.043868729839999954	0.017758341048559865
1000	-0.9	20	0.028660429519999912	0.01209111985687879
1000	-0.9	21	0.08067264327999994	0.03307750700225894
1000	-0.9	22	0.04070190263999998	0.02880105518312183
1000	-0.9	23	0.06493711511999999	0.028812326207989666
1000	-0.9	24	0.08200209583999998	0.030596871121836483
1000	-0.9	25	0.08825627919999994	0.04118243760586997
1000	-0.9	26	0.03540616711999997	0.025178164690714825
1000	-0.9	27	0.2452866771199999	0.10624294307720723
1000	-0.9	28	0.07537707535999995	0.027342800390859196
1000	-0.9	29	0.04480552167999994	0.01812279863173734
1000	-0.9	30	0.14597009519999996	0.09026070857766591
1000	-0.9	31	0.04650739415999996	0.019762835444302792
1000	-0.9	32	0.044465319919999954	0.01733651847700247
1000	-0.9	33	0.31288509855999996	0.13266625705820073
1000	-0.9	34	0.048762238399999915	0.02077056292765075
1000	-0.9	35	0.09011370408	0.08055763901839898
1000	-0.9	36	0.2566564290399999	0.09757197411867151
1000	-0.9	37	0.07366490991999994	0.03195755543417579
1000	-0.9	38	0.04210125103999993	0.01674796785010002
1000	-0.9	39	0.13727014439999993	0.052365766274872445
1000	-0.9	40	0.06986317783999997	0.029706063245264154
1000	-0.9	41	0.03379634583999995	0.014504936355666728
1000	-0.9	42	0.03453460991999991	0.014304226667455332
1000	-0.9	43	0.09656244991999996	0.042585812875345935
1000	-0.9	44	0.06866959951999997	0.026246791088186634
1000	-0.9	45	0.10141135391999993	0.04087768808692967
1000	-0.9	46	0.036370195199999934	0.014625768521718489
1000	-0.9	47	0.34460345455999997	0.1500524153074718
1000	-0.9	48	0.15526380367999992	0.06257653167010403
1000	-0.9	49	0.029395327759999913	0.012448849504908214
1000	-0.9	50	0.06721880551999997	0.03924412784693114
1000	-0.9	51	0.07413776407999995	0.03831485510047606
1000	-0.9	52	0.05570096295999999	0.02202609396926588
1000	-0.9	53	0.027338686559999947	0.0362668756785601
1000	-0.9	54	0.06159753527999995	0.030437645053711573
1000	-0.9	55	0.05795695439999994	0.022502539641786546
1000	-0.9	56	0.08261245007999998	0.035262719658947145
1000	-0.9	57	0.09165737287999996	0.03642170440432445
1000	-0.9	58	0.0834593308	0.03449475052140995
1000	-0.9	59	0.10483495503999997	0.04911670178420353
1000	-0.9	60	0.07731808871999998	0.03631477953252845
1000	-0.9	61	0.04131606543999992	0.019064765441114958
1000	-0.9	62	0.2454662683999999	0.18191500254495668
1000	-0.9	63	0.058434250639999984	0.025101419509940798
1000	-0.9	64	0.07243285503999995	0.03629436049954136
1000	-0.9	65	0.11458612671999997	0.0459054306026907
1000	-0.9	66	0.06608259279999998	0.028575808898255808
1000	-0.9	67	0.08590726455999999	0.06549667191327813
1000	-0.9	68	0.052870481919999976	0.02206360123640868
1000	-0.9	69	0.04400552447999994	0.02108282852998796
1000	-0.9	70	0.07356367975999994	0.031433245108244356
1000	-0.9	71	0.09546182719999997	0.039616492053616295
1000	-0.9	72	0.10390703031999994	0.059238778639025845
1000	-0.9	73	0.038354366239999924	0.018692798986737855
1000	-0.9	74	0.052396478799999986	0.023080642471731746
1000	-0.9	75	0.04150012375999995	0.01686585113050327
1000	-0.9	76	0.05172988695999996	0.02075229339975119
1000	-0.9	77	0.08362471015999996	0.03480011258126125
1000	-0.9	78	0.06921585703999997	0.027972195071493546
1000	-0.9	79	0.03947374263999996	0.026006810588687833
1000	-0.9	80	0.06441279463999997	0.026313830356590615
1000	-0.9	81	0.10579091887999993	0.049177001186060575
1000	-0.9	82	0.11109435047999999	0.1185205204758445
1000	-0.9	83	0.05598897392	0.024443733671482202
1000	-0.9	84	0.14337103743999996	0.05400174365009861
1000	-0.9	85	0.2509322440799999	0.16691467499068158
1000	-0.9	86	0.060538384879999955	0.024251670374379287
1000	-0.9	87	0.1713456308799999	0.06343965190046838
1000	-0.9	88	0.06724644167999998	0.02724685143142371
1000	-0.9	89	0.11587238199999994	0.0586942396365089
1000	-0.9	90	0.033541575839999935	0.014707049728559343
1000	-0.9	91	0.048541651119999925	0.02318185476446215
1000	-0.9	92	0.05506588007999996	0.02149109354324641
1000	-0.9	93	0.08644327639999994	0.03296380770217681
1000	-0.9	94	0.049573808479999946	0.019858062741086157
1000	-0.9	95	0.09849275055999995	0.04868801627119875
1000	-0.9	96	0.05160719775999997	0.039066875495703146
1000	-0.9	97	0.09008838183999993	0.034728056726880036
1000	-0.9	98	0.10237555823999996	0.06718719204992589
1000	-0.9	99	0.11090190215999991	0.054733130546157506
