#pop_size	correlation	landscape_idx	mean	std
1000	-0.9	0	0.09227447031999993	0.02950697861249015
1000	-0.9	1	0.42181155975999995	0.14219828483857228
1000	-0.9	2	0.13343218111999988	0.05060674741952903
1000	-0.9	3	0.20930252927999987	0.07867721475860998
1000	-0.9	4	0.2202887112799998	0.08919056643930585
1000	-0.9	5	0.07968606399999988	0.02737748632419202
1000	-0.9	6	0.08874867391999987	0.04326163010945818
1000	-0.9	7	0.14843443495999992	0.05070770964712165
1000	-0.9	8	0.1274239003199999	0.05205014005090663
1000	-0.9	9	0.09980133071999991	0.03319605033064693
1000	-0.9	10	0.1906845351999999	0.0563249277896491
1000	-0.9	11	0.09130295599999987	0.04307448064589262
1000	-0.9	12	0.13858954471999987	0.048236439566905036
1000	-0.9	13	0.17184089695999988	0.13556198570232852
1000	-0.9	14	0.1897159449599999	0.06560795655424716
1000	-0.9	15	0.1427467311999999	0.04805527340991251
1000	-0.9	16	0.5180001348799999	0.10044488368506091
1000	-0.9	17	0.09236782256	0.02489932107893308
1000	-0.9	18	0.2992833471199998	0.10071051780827997
1000	-0.9	19	0.12499620167999992	0.06255073940750097
1000	-0.9	20	0.3634081970399999	0.20495891622585022
1000	-0.9	21	0.08342444631999993	0.02940468230954088
1000	-0.9	22	0.17740579015999985	0.06818384049072251
1000	-0.9	23	0.20204385623999996	0.08250296503299229
1000	-0.9	24	0.0586606130399999	0.018955492834056464
1000	-0.9	25	0.24638400943999983	0.12352195310795652
1000	-0.9	26	0.32424692247999987	0.0721793273340826
1000	-0.9	27	0.15509487511999986	0.05863252878193042
1000	-0.9	28	0.11740329159999995	0.038680344263383425
1000	-0.9	29	0.09158772191999999	0.025696292951856086
1000	-0.9	30	0.05724400335999988	0.019412908612698444
1000	-0.9	31	0.07444707975999997	0.02828257050618942
1000	-0.9	32	0.49168260535999997	0.1464081002065271
1000	-0.9	33	0.20313015895999986	0.07922362017389659
1000	-0.9	34	0.1131657563199999	0.03456030246964759
1000	-0.9	35	0.22579432231999988	0.07759534468772109
1000	-0.9	36	0.10482885815999991	0.03840303167192223
1000	-0.9	37	0.23509358183999993	0.10271211032270726
1000	-0.9	38	0.07488011703999996	0.026197909556511315
1000	-0.9	39	0.28371770888	0.14746536734721305
1000	-0.9	40	0.09363657911999995	0.026820945484667878
1000	-0.9	41	0.12939507007999992	0.09355227434017568
1000	-0.9	42	0.35565050471999987	0.11681324520933876
1000	-0.9	43	0.09912202487999994	0.03681028958071776
1000	-0.9	44	0.33528165239999996	0.13537261239748172
1000	-0.9	45	0.048870483199999946	0.01897638642077521
1000	-0.9	46	0.1463206951199999	0.07408860200080834
1000	-0.9	47	0.1894939249599999	0.09953036858099885
1000	-0.9	48	0.3387367989599998	0.1400709150401064
1000	-0.9	49	0.07124658087999995	0.028237791841046293
1000	-0.9	50	0.09405919847999993	0.03169715566681431
1000	-0.9	51	0.1388805666399999	0.04304473103668366
1000	-0.9	52	0.13706752639999994	0.0636865269294512
1000	-0.9	53	0.1253992423999999	0.04786401359174807
1000	-0.9	54	0.16668395223999993	0.0836143926422517
1000	-0.9	55	0.3046196529599998	0.15980150994727457
1000	-0.9	56	0.058897122559999904	0.018938218207007064
1000	-0.9	57	0.14375157407999994	0.04872057501327273
1000	-0.9	58	0.12170097767999989	0.07318259826236398
1000	-0.9	59	0.07132944743999987	0.02124960578603661
1000	-0.9	60	0.09224355663999997	0.034296123711367366
1000	-0.9	61	0.11000045471999985	0.03187055832824197
1000	-0.9	62	0.0931158714399999	0.037296526487201345
1000	-0.9	63	0.2065199113599999	0.08611197296027139
1000	-0.9	64	0.1536687967999999	0.06596689730973995
1000	-0.9	65	0.12303417687999987	0.044911315721066776
1000	-0.9	66	0.3642612723999999	0.12202565860116435
1000	-0.9	67	0.17592421199999994	0.07721722458017986
1000	-0.9	68	0.11766223431999986	0.036918266404825484
1000	-0.9	69	0.08394781951999988	0.032433016787492094
1000	-0.9	70	0.13139508463999988	0.05820201638235567
1000	-0.9	71	0.3160725407199999	0.13052485843031292
1000	-0.9	72	0.23235805823999994	0.0724024027673297
1000	-0.9	73	0.16558592399999986	0.04765880438945293
1000	-0.9	74	0.10208280167999989	0.030991058371200975
1000	-0.9	75	0.3895253128799999	0.12342191856522058
1000	-0.9	76	0.12493365551999988	0.03742499577755499
1000	-0.9	77	0.1850117015999999	0.06982874984989366
1000	-0.9	78	0.1251877717599999	0.04079187494311628
1000	-0.9	79	0.0591666763199999	0.01919919186918161
1000	-0.9	80	0.07056552791999998	0.022963335559929927
1000	-0.9	81	0.13417656639999984	0.04699188713719356
1000	-0.9	82	0.13788011111999987	0.05947173463919955
1000	-0.9	83	0.10375360439999991	0.03451044229299109
1000	-0.9	84	0.21532041751999997	0.06521006016158928
1000	-0.9	85	0.16977396367999986	0.08206481188195104
1000	-0.9	86	0.10978405791999998	0.03299224245979444
1000	-0.9	87	0.17521074471999987	0.12350908986350269
1000	-0.9	88	0.25360532455999985	0.09262457681090133
1000	-0.9	89	0.12238613351999986	0.0980095010058706
1000	-0.9	90	0.17881941543999982	0.061606202717283114
1000	-0.9	91	0.1444454022399998	0.053872118701987014
1000	-0.9	92	0.08098543199999989	0.02487114129549807
1000	-0.9	93	0.07203625711999988	0.022106406011664585
1000	-0.9	94	0.19358575943999992	0.13382588921053568
1000	-0.9	95	0.11466759503999988	0.05223643331809319
1000	-0.9	96	0.2134265328799999	0.0690690572255435
1000	-0.9	97	0.10243361783999995	0.032705698919589285
1000	-0.9	98	0.19540112895999992	0.15627314853870372
1000	-0.9	99	0.07401794319999987	0.022631709241008314
