#a	c	haplotype_diversity	std
0.0001	-0.999	0.08979425925401048	0.06075939237431527
0.0001	-0.9	0.0872053859300028	0.05665623668673679
0.0001	-0.8	0.08589011174400864	0.06336806028689887
0.0001	-0.7	0.0772102322840034	0.05826647393662133
0.0001	-0.6	0.07221525963398952	0.05685040271593804
0.0001	-0.5	0.06749487385598808	0.05398894474075784
0.0001	-0.4	0.06501714698797724	0.056175033643398535
0.0001	-0.3	0.058280495195976854	0.047028638315347586
0.0001	-0.2	0.05827774826997325	0.05884418903950272
0.0001	-0.1	0.05573011300996924	0.054469473521654294
0.0001	-0.0	0.051805404343969234	0.05217866198758148
0.0001	0.1	0.04904684047196552	0.04654648991189076
0.0001	0.2	0.04974013887997077	0.04811201986250519
0.0001	0.3	0.04710349593396776	0.049643052280986984
0.0001	0.4	0.04508855137595966	0.04614733403065571
0.0001	0.5	0.043023335085967056	0.04843861848099804
0.0001	0.6	0.040423993175972506	0.039454159214292135
0.0001	0.7	0.04005322686997219	0.044863400610502376
0.0001	0.8	0.03906809267197763	0.04365672507656231
0.0001	0.9	0.036612406109983696	0.03858272762053651
0.0001	0.999	0.03776594953397622	0.042802229388646154
0.049999999999999996	-0.998	0.0759389588720113	0.05385816360461006
0.049999999999999996	-0.9	0.07527121796800393	0.05586674586485386
0.049999999999999996	-0.8	0.07616392502802531	0.0625510171568698
0.049999999999999996	-0.7	0.07356783124599897	0.06323250938145313
0.049999999999999996	-0.6	0.06670560740397667	0.055250912920261235
0.049999999999999996	-0.5	0.06214963476597903	0.046769830517188825
0.049999999999999996	-0.4	0.06152900724797102	0.05884200618997998
0.049999999999999996	-0.3	0.06221482940997008	0.06611228875013905
0.049999999999999996	-0.2	0.0556400477159695	0.05035451958089524
0.049999999999999996	-0.1	0.054508464431970785	0.049149692240490706
0.049999999999999996	-0.0	0.053488519197970194	0.04986581025333176
0.049999999999999996	0.098	0.049241104551970845	0.04566807874256289
0.049999999999999996	0.198	0.0474094940639695	0.046953522904217476
0.049999999999999996	0.298	0.0458945772919685	0.04723421583962024
0.049999999999999996	0.398	0.046949240969964647	0.050692623042065094
0.049999999999999996	0.498	0.04500642974996556	0.05573868218182921
0.049999999999999996	0.598	0.04226044049995942	0.045543180233991745
0.049999999999999996	0.698	0.04159357304196872	0.052113867942269465
0.049999999999999996	0.798	0.0389639619119722	0.039392952502091697
0.049999999999999996	0.898	0.04073126622397305	0.05018075159566667
0.049999999999999996	0.998	0.03629608797798357	0.0426346711838466
0.09999999999999999	-0.999	0.06450357038797871	0.04742628942539775
0.09999999999999999	-0.9	0.0638941595539739	0.05621608894867363
0.09999999999999999	-0.8	0.07291826928000388	0.06851037456737352
0.09999999999999999	-0.7	0.0657804202159782	0.05734642250610325
0.09999999999999999	-0.6	0.06493127397997334	0.05618505884511217
0.09999999999999999	-0.5	0.06408963783997079	0.06332833053314202
0.09999999999999999	-0.4	0.06252326861997316	0.05645327685723177
0.09999999999999999	-0.3	0.05829489840997056	0.05898773078969201
0.09999999999999999	-0.2	0.05246471007197243	0.04147699032514869
0.09999999999999999	-0.1	0.0527355336419732	0.04636154642175314
0.09999999999999999	-0.0	0.053230588011965896	0.05459154953757402
0.09999999999999999	0.099	0.04970337342996605	0.0519065710969528
0.09999999999999999	0.199	0.047493423481967244	0.046074682205297875
0.09999999999999999	0.299	0.04676372392996461	0.05158371431128251
0.09999999999999999	0.399	0.04407302108396191	0.048005334213981336
0.09999999999999999	0.499	0.04333814842996972	0.04340478913712026
0.09999999999999999	0.599	0.04307101906397081	0.05195597262704652
0.09999999999999999	0.699	0.04278728291196428	0.04926872851280774
0.09999999999999999	0.799	0.040576341957977324	0.04080391457639376
0.09999999999999999	0.899	0.0382204515919744	0.0510289701718855
0.09999999999999999	0.999	0.03744793422198305	0.041396493287825235
0.15	-0.999	0.05891611684397341	0.04495879036595745
0.15	-0.9	0.06255459104997411	0.05302862187534691
0.15	-0.8	0.06951134712800579	0.073259021092391
0.15	-0.7	0.06393431731397228	0.057869668214773
0.15	-0.6	0.062186805435967746	0.055149934139216386
0.15	-0.5	0.06017990285196984	0.052983446371906655
0.15	-0.4	0.06503121187197418	0.06699821174233075
0.15	-0.3	0.05359283505597198	0.043005351694076016
0.15	-0.2	0.059680501891977066	0.05811953051056254
0.15	-0.1	0.05545058154196879	0.05336244845181592
0.15	-0.0	0.04777767659597227	0.04166301027931785
0.15	0.099	0.04893090401597202	0.04224509784707522
0.15	0.199	0.05356756167596384	0.06571082409800455
0.15	0.299	0.04863844494596457	0.055253562382681976
0.15	0.399	0.04495726136397165	0.047403528197268716
0.15	0.499	0.0404991117959678	0.04007232674609457
0.15	0.599	0.039743173419981306	0.03184190145488742
0.15	0.699	0.03688803683197758	0.03456831393601474
0.15	0.799	0.03890515234796638	0.04202102420297614
0.15	0.899	0.04149714989196462	0.053145566735167155
0.15	0.999	0.03859195299397383	0.0503596211999304
0.19999999999999998	-0.999	0.05859631730796915	0.055234064020994046
0.19999999999999998	-0.9	0.05379442454196741	0.04678205586624983
0.19999999999999998	-0.8	0.05316617620997219	0.04366377225656407
0.19999999999999998	-0.7	0.057162779243970556	0.052867020055323004
0.19999999999999998	-0.6	0.06158392765196993	0.060834700640363996
0.19999999999999998	-0.5	0.05808122257996729	0.04936832104180951
0.19999999999999998	-0.4	0.06284705076397523	0.059253256195167386
0.19999999999999998	-0.3	0.05807085299796175	0.06014830247087231
0.19999999999999998	-0.2	0.055340255371967025	0.05537607543063354
0.19999999999999998	-0.1	0.05350979605195666	0.058647444731209177
0.19999999999999998	-0.0	0.05183988556796251	0.05472440241935044
0.19999999999999998	0.1	0.05092577547996662	0.05157671146018799
0.19999999999999998	0.199	0.04469295729796463	0.04350760356956738
0.19999999999999998	0.299	0.04426225315796737	0.044016267010740816
0.19999999999999998	0.4	0.04327234950397147	0.04329860257936156
0.19999999999999998	0.499	0.04473195742995828	0.051607660038166844
0.19999999999999998	0.6	0.045754514267978906	0.053684867167543594
0.19999999999999998	0.7	0.046585998571956055	0.05677539959129027
0.19999999999999998	0.799	0.040376135447971535	0.0465348966800198
0.19999999999999998	0.899	0.04026715205997533	0.046300953030237506
0.19999999999999998	0.999	0.03608005163198359	0.03699722994231411
0.25	-0.999	0.05454069755796909	0.04872951614489042
0.25	-0.9	0.06676791853197817	0.07085952824982734
0.25	-0.8	0.05915492417396952	0.053318188592756464
0.25	-0.7	0.05401647744596521	0.04046698835070443
0.25	-0.6	0.05655848313797038	0.04965276210954647
0.25	-0.5	0.062259523541967524	0.06509177240720283
0.25	-0.4	0.05585668551796953	0.05313281064562317
0.25	-0.3	0.06255942465996249	0.06787807352887652
0.25	-0.2	0.06010903487396697	0.06641028108243294
0.25	-0.1	0.051544515627966345	0.05349625907331582
0.25	-0.0	0.050426319413971916	0.05231088960756275
0.25	0.1	0.05472603214795613	0.06175885550425708
0.25	0.2	0.04817927878997119	0.04466174511794714
0.25	0.3	0.043848754773970704	0.04517527178330753
0.25	0.4	0.04555327106396466	0.05238519749570506
0.25	0.5	0.04254675215797863	0.041891815954630256
0.25	0.6	0.049419965279963375	0.061604340099999044
0.25	0.7	0.04003798181197693	0.04238977727006047
0.25	0.8	0.0419416791239608	0.05038207387543323
0.25	0.9	0.04325642390395606	0.05330785269855837
0.25	0.999	0.03550109593598547	0.03489401303726387
0.3	-0.999	0.05365319806196526	0.05073377001722285
0.3	-0.9	0.053841417951966224	0.045378944114730084
0.3	-0.8	0.05267105207396825	0.042560293698277664
0.3	-0.7	0.06467209368997427	0.06689118789943983
0.3	-0.6	0.05421497303396394	0.045908482744147494
0.3	-0.5	0.060265695991965296	0.05797207502087531
0.3	-0.4	0.05784718932196666	0.05825259523509569
0.3	-0.3	0.05655886774996193	0.05968205157376972
0.3	-0.2	0.053772745163961314	0.048687419585609536
0.3	-0.1	0.0611395488319689	0.07320013305934614
0.3	-0.0	0.06026142449196711	0.07443178359515372
0.3	0.1	0.0518287536779728	0.058892789847293694
0.3	0.2	0.05727826813195127	0.07578714475769528
0.3	0.3	0.044344418917957845	0.045836275687014046
0.3	0.4	0.04735315939195608	0.051927678811457954
0.3	0.5	0.04888751448796229	0.05185828417396915
0.3	0.6	0.04316646607597327	0.04442023247590081
0.3	0.7	0.041688896753965525	0.04411061269985243
0.3	0.8	0.04504090722197094	0.05283276375328227
0.3	0.9	0.0368206671819791	0.03829486117127991
0.3	0.999	0.03491579354199034	0.03772913107299529
0.35000000000000003	-0.999	0.059605292011961734	0.0638010405329436
0.35000000000000003	-0.9	0.053143304509971186	0.05091976666240936
0.35000000000000003	-0.8	0.06171441906797253	0.06524266319612536
0.35000000000000003	-0.7	0.05540186247196841	0.049920270825692316
0.35000000000000003	-0.6	0.056726117805965426	0.05497445235228496
0.35000000000000003	-0.5	0.05501175232997152	0.04902795607727181
0.35000000000000003	-0.4	0.06014866315195976	0.07063026196823115
0.35000000000000003	-0.3	0.052787926901968284	0.04186397387883745
0.35000000000000003	-0.2	0.05304936629596409	0.052173847930932965
0.35000000000000003	-0.1	0.05284346100397215	0.0482932767208013
0.35000000000000003	-0.0	0.05351521504996892	0.05337954542220924
0.35000000000000003	0.1	0.049708924829966715	0.04604018430495553
0.35000000000000003	0.2	0.05739726338996448	0.0713317385567257
0.35000000000000003	0.3	0.04947144700396649	0.05545178752093223
0.35000000000000003	0.4	0.047497284545959154	0.051443946238410344
0.35000000000000003	0.5	0.05007220796796434	0.06273514562585172
0.35000000000000003	0.6	0.04253986224996652	0.04204708352950355
0.35000000000000003	0.7	0.037729966025976204	0.037950451981329146
0.35000000000000003	0.8	0.039990817059982434	0.03912561750772722
0.35000000000000003	0.9	0.03943611010196999	0.05009608054949545
0.35000000000000003	0.999	0.040283258603971875	0.04304090711622695
0.39999999999999997	-0.999	0.05225156638596177	0.048448812412472744
0.39999999999999997	-0.9	0.0558623750779598	0.049984714558707836
0.39999999999999997	-0.8	0.05426679061596683	0.049922891335284686
0.39999999999999997	-0.7	0.05711998514795958	0.051927473188345064
0.39999999999999997	-0.6	0.06146241653396437	0.06270243922198081
0.39999999999999997	-0.5	0.057374208449964624	0.057628555902835
0.39999999999999997	-0.4	0.056803618681960245	0.06610043586313187
0.39999999999999997	-0.3	0.055918076497962564	0.0580377092351983
0.39999999999999997	-0.2	0.06158280276596254	0.07124609991881661
0.39999999999999997	-0.1	0.051774466183973786	0.04794447529471421
0.39999999999999997	-0.0	0.054240947777965225	0.05399777317190412
0.39999999999999997	0.1	0.05091763899596669	0.05606391902872149
0.39999999999999997	0.2	0.05307046066596023	0.04976795408454283
0.39999999999999997	0.3	0.04702816233197098	0.051614327335577824
0.39999999999999997	0.4	0.04634739917396041	0.04764269171445057
0.39999999999999997	0.5	0.04434836177395557	0.052308374837328614
0.39999999999999997	0.6	0.045326518131951876	0.060909705569634695
0.39999999999999997	0.7	0.04443143642596534	0.049449253328233196
0.39999999999999997	0.8	0.04506819184195016	0.053233614090159566
0.39999999999999997	0.9	0.039564234017969845	0.047019522595572835
0.39999999999999997	0.999	0.0356536902059881	0.03164627404762275
0.44999999999999996	-0.999	0.051964691807964376	0.04659998132198748
0.44999999999999996	-0.9	0.05755040291796308	0.05857773552205663
0.44999999999999996	-0.8	0.05552221210997301	0.05449686852661353
0.44999999999999996	-0.7	0.05793326316395513	0.06523767863010584
0.44999999999999996	-0.6	0.061480845901959014	0.07516228724336063
0.44999999999999996	-0.5	0.056432839427966036	0.049171053747776194
0.44999999999999996	-0.4	0.06087360568396328	0.07192375229437724
0.44999999999999996	-0.3	0.052906314445968015	0.05084811663758765
0.44999999999999996	-0.2	0.05388016250596913	0.06139352238598002
0.44999999999999996	-0.1	0.06189917875995741	0.07447856235684006
0.44999999999999996	-0.0	0.057678422551961823	0.06825984844969761
0.44999999999999996	0.1	0.05004053885396434	0.059609132786813186
0.44999999999999996	0.2	0.062385730347944965	0.07691658496217509
0.44999999999999996	0.3	0.045375895017969646	0.04358131637073223
0.44999999999999996	0.4	0.04575646182396187	0.043070179722630594
0.44999999999999996	0.5	0.04534293606196699	0.04679247304376649
0.44999999999999996	0.6	0.044693564087975146	0.05089083495194624
0.44999999999999996	0.7	0.04284408945197476	0.046176270538258735
0.44999999999999996	0.8	0.04866486870995469	0.06537110856326325
0.44999999999999996	0.9	0.03971532486797535	0.04534782039186915
0.44999999999999996	0.999	0.035981718037982745	0.03385845136019305
0.5	-0.999	0.05650925033797189	0.05152461196974468
0.5	-0.9	0.058378914319954414	0.06682490478412768
0.5	-0.8	0.04996692685996922	0.04153796758040543
0.5	-0.7	0.05498519173396575	0.06847231393310041
0.5	-0.6	0.05868641196196842	0.06289547813485644
0.5	-0.5	0.05930493814995457	0.06510497469911682
0.5	-0.4	0.05643293776997136	0.05659004706016221
0.5	-0.3	0.05508562175996748	0.05732685733895165
0.5	-0.2	0.056227051305966586	0.05363521100140751
0.5	-0.1	0.056551133955969245	0.06095601194344208
0.5	-0.0	0.05744534698996071	0.06280266281806063
0.5	0.1	0.0550889261599634	0.05892693030688168
0.5	0.2	0.05576521350796559	0.06345477603297739
0.5	0.3	0.05515301278596437	0.0702740829485236
0.5	0.4	0.045688349653961714	0.04104969319502884
0.5	0.5	0.05011205111796133	0.05463686015696242
0.5	0.6	0.04837841749796574	0.056850422649343105
0.5	0.7	0.044960671373957595	0.051221265620871786
0.5	0.8	0.04587198665195719	0.05499578547338637
0.5	0.9	0.04222784482595862	0.048856583262620615
0.5	0.999	0.034805250523993206	0.0312710692932567
0.5499999999999999	-0.999	0.058719524669966466	0.06177993668344063
0.5499999999999999	-0.9	0.05389193174796247	0.05490525750714116
0.5499999999999999	-0.8	0.06146171035995416	0.06560005072141416
0.5499999999999999	-0.7	0.053166353935974534	0.055061383625001584
0.5499999999999999	-0.6	0.05765302474195829	0.062390688059287186
0.5499999999999999	-0.5	0.05737369546996246	0.06002582027393134
0.5499999999999999	-0.4	0.0568614821199726	0.05092957532605127
0.5499999999999999	-0.3	0.05674176050996383	0.056398798162758904
0.5499999999999999	-0.2	0.06899550804998837	0.08116050425539674
0.5499999999999999	-0.1	0.05891273922396602	0.06786668201427429
0.5499999999999999	-0.0	0.051197530825961284	0.05022789190677666
0.5499999999999999	0.1	0.05310386824194992	0.05841890263959341
0.5499999999999999	0.2	0.04932834772396319	0.0501201996296174
0.5499999999999999	0.3	0.05325444339196473	0.050836106279674054
0.5499999999999999	0.4	0.04757249672996761	0.0421405343468832
0.5499999999999999	0.5	0.04545727929798011	0.04031600228164499
0.5499999999999999	0.6	0.052769998865962287	0.06935673734968816
0.5499999999999999	0.7	0.055831572595966064	0.08039603927968611
0.5499999999999999	0.8	0.043243636363975	0.04251100622081259
0.5499999999999999	0.9	0.045264781185970555	0.05247044373131726
0.5499999999999999	0.999	0.04005460598397565	0.042419370408035055
0.6	-0.999	0.05855428055796529	0.06353107784622446
0.6	-0.9	0.05550719062595465	0.06209293785079214
0.6	-0.8	0.05703544199396579	0.0628834548600742
0.6	-0.7	0.05047319358396894	0.05262418118796292
0.6	-0.6	0.05980948258995748	0.07224423954796223
0.6	-0.5	0.05647477545396584	0.059505670331318976
0.6	-0.4	0.06116493978596884	0.0643355798600226
0.6	-0.3	0.05852674198996769	0.059132874017399716
0.6	-0.2	0.054411426883962596	0.055221953960563
0.6	-0.1	0.05496110702997047	0.05728378811901789
0.6	-0.0	0.05721284761996319	0.06712514305324188
0.6	0.1	0.05828220122596362	0.06953809966740304
0.6	0.2	0.05445442448596405	0.058575001854813125
0.6	0.3	0.0537813411859673	0.05783173982918188
0.6	0.4	0.057018104531953655	0.06422007221458555
0.6	0.5	0.05230092684395962	0.06173005048565124
0.6	0.6	0.051214957579957955	0.0671568910579863
0.6	0.7	0.044323409655968586	0.037830277100365205
0.6	0.8	0.04782154139797373	0.05769704387507694
0.6	0.9	0.0477950647679735	0.05866624617311464
0.6	0.999	0.04775438069195475	0.054695189631124075
0.65	-0.999	0.05682110848396821	0.0658474730525074
0.65	-0.9	0.05143769107597139	0.04825128508813117
0.65	-0.8	0.052062781949961556	0.044903037932401586
0.65	-0.7	0.057268740305956446	0.057066750951415036
0.65	-0.6	0.06225464045396861	0.06467675406699505
0.65	-0.5	0.057562862871964715	0.06064772859511255
0.65	-0.4	0.05362621684197006	0.04755100408152635
0.65	-0.3	0.0563692500459661	0.06255700461931288
0.65	-0.2	0.05377716199596459	0.04788737005723608
0.65	-0.1	0.05898529185196989	0.06172803693688583
0.65	-0.0	0.05070413627997829	0.04132675238870251
0.65	0.1	0.051263032435974853	0.04619910730492947
0.65	0.2	0.048905263637969536	0.040343896763241155
0.65	0.3	0.05221900055397476	0.05668056566696279
0.65	0.4	0.05854237534995852	0.06805199314596422
0.65	0.5	0.042878558005970686	0.03482368161398594
0.65	0.6	0.055069736183959495	0.061351910132789164
0.65	0.7	0.043920028491979256	0.04651894412703078
0.65	0.8	0.042280517355969	0.0449077983713328
0.65	0.9	0.04602076534795327	0.06531078447217835
0.65	0.999	0.04624855012395412	0.04832050465185661
0.7000000000000001	-0.999	0.05748600231596991	0.06097319926640995
0.7000000000000001	-0.9	0.05716235751397029	0.0582267976646628
0.7000000000000001	-0.8	0.05817595056596366	0.056496640607013836
0.7000000000000001	-0.7	0.05659661082797053	0.05477211014205786
0.7000000000000001	-0.6	0.05611086014396773	0.05397983285474609
0.7000000000000001	-0.5	0.06310902962995812	0.06658255118474085
0.7000000000000001	-0.4	0.06100220343997927	0.06162462841094422
0.7000000000000001	-0.3	0.07258195341799326	0.08653594024590641
0.7000000000000001	-0.2	0.055296242899973445	0.05005435745997191
0.7000000000000001	-0.1	0.06117018471197652	0.0680937482966443
0.7000000000000001	-0.0	0.060689079595966956	0.05912865042551805
0.7000000000000001	0.1	0.06079486373997274	0.06434944689977151
0.7000000000000001	0.2	0.05628937621997065	0.05340454954750266
0.7000000000000001	0.3	0.06121430447196535	0.0690850007847672
0.7000000000000001	0.4	0.05869336927394602	0.07531205872761476
0.7000000000000001	0.5	0.0511613612979564	0.053441956649148185
0.7000000000000001	0.6	0.0487247293099637	0.04576041862075248
0.7000000000000001	0.7	0.049542749437968575	0.045246549148028344
0.7000000000000001	0.8	0.05729816850595389	0.07337609694798376
0.7000000000000001	0.9	0.04495344606796417	0.04569889710138525
0.7000000000000001	0.999	0.04839264074595232	0.06386915532693668
0.7499999999999999	-0.999	0.06954267109396847	0.09168595232835136
0.7499999999999999	-0.9	0.05769086062596876	0.056465636287998736
0.7499999999999999	-0.8	0.06325623642196564	0.06427834385528276
0.7499999999999999	-0.7	0.0568737499379684	0.051997174901384
0.7499999999999999	-0.6	0.06503050705597062	0.06355293695364625
0.7499999999999999	-0.5	0.05917133005996909	0.05305444505171321
0.7499999999999999	-0.4	0.06195800115796363	0.06758262091717204
0.7499999999999999	-0.3	0.06183758482196808	0.06577453012544447
0.7499999999999999	-0.2	0.064115223277975	0.06837605003322182
0.7499999999999999	-0.1	0.05669188910597057	0.045723822937211715
0.7499999999999999	-0.0	0.060502187421955705	0.06834676887868764
0.7499999999999999	0.1	0.05685904228397435	0.05548210002408619
0.7499999999999999	0.2	0.06389587015996448	0.07921973065728448
0.7499999999999999	0.3	0.057968873497969434	0.05531760328246567
0.7499999999999999	0.4	0.06886903770396346	0.08117073524458066
0.7499999999999999	0.5	0.05391426601196851	0.054358402372313375
0.7499999999999999	0.6	0.05419256107396429	0.06153432796851412
0.7499999999999999	0.7	0.05538958117796945	0.06461932380429827
0.7499999999999999	0.8	0.05048472532797486	0.04132573140077018
0.7499999999999999	0.9	0.047230539119954985	0.06047936767596354
0.7499999999999999	0.999	0.045304924273961635	0.05445040478563996
0.7999999999999999	-0.999	0.0661366131279632	0.07466012319809685
0.7999999999999999	-0.9	0.05956222080996859	0.07004760539844562
0.7999999999999999	-0.8	0.06214126295796484	0.05669405971432237
0.7999999999999999	-0.7	0.06520120585796056	0.07008389149690099
0.7999999999999999	-0.6	0.06580977166796348	0.06865524492232924
0.7999999999999999	-0.5	0.06409791510796212	0.05886945763983294
0.7999999999999999	-0.4	0.06356524293196379	0.05945727938460361
0.7999999999999999	-0.3	0.061330794099977555	0.051882317809477316
0.7999999999999999	-0.2	0.07588948984603185	0.08663609429308168
0.7999999999999999	-0.1	0.06401839976596643	0.06433619364589753
0.7999999999999999	-0.0	0.062384907247967504	0.06973771600029112
0.7999999999999999	0.1	0.06802531488997013	0.07690290306718683
0.7999999999999999	0.2	0.06546047990996468	0.06915452339194829
0.7999999999999999	0.3	0.06969096770397588	0.08747005767625031
0.7999999999999999	0.4	0.0544275677779592	0.05319763563904109
0.7999999999999999	0.5	0.054281875651965884	0.06461153056149462
0.7999999999999999	0.6	0.05644742047996569	0.05690081538725361
0.7999999999999999	0.7	0.0587843322159436	0.07381595705623312
0.7999999999999999	0.8	0.05539248061796482	0.059350034010331
0.7999999999999999	0.9	0.06382414772392461	0.08343955669883103
0.7999999999999999	0.999	0.05528848773795208	0.06218848793235928
0.85	-0.999	0.06348077748796903	0.06614100963535025
0.85	-0.9	0.05700902704796739	0.054616364295621465
0.85	-0.8	0.07017700215599332	0.08188142941596238
0.85	-0.7	0.07693970323000546	0.0817632717120797
0.85	-0.6	0.06795912746997923	0.07116723892608985
0.85	-0.5	0.0754155115620051	0.0767068833637941
0.85	-0.4	0.08084145911801406	0.08834476425704778
0.85	-0.3	0.06113768426397891	0.05809819960381307
0.85	-0.2	0.06903795050400041	0.06610904295712437
0.85	-0.1	0.07199747858998419	0.07807062117105584
0.85	-0.0	0.06776115030999204	0.05945960710839029
0.85	0.1	0.06051236981797741	0.05896339391748892
0.85	0.2	0.06692007975599662	0.06316363430033584
0.85	0.3	0.06300171997197054	0.06082168838684483
0.85	0.4	0.06006491559797504	0.049300201121822075
0.85	0.5	0.06315852787996735	0.06442532686761217
0.85	0.6	0.057828924937969005	0.06166232943188907
0.85	0.7	0.06113886369796392	0.06637753318984996
0.85	0.8	0.05017248910997303	0.04242553919576455
0.85	0.9	0.05499495265196306	0.060332571900817866
0.85	0.999	0.0477084092539776	0.04384325223585692
0.8999999999999999	-0.999	0.074729567522001	0.0720556328260401
0.8999999999999999	-0.9	0.0763655174039833	0.0851726657670266
0.8999999999999999	-0.8	0.0670745277399761	0.06353955459404645
0.8999999999999999	-0.7	0.07080773236999557	0.07392045619937686
0.8999999999999999	-0.6	0.08057878029202524	0.07900975635609565
0.8999999999999999	-0.5	0.07250779516001685	0.06810307238566474
0.8999999999999999	-0.4	0.07504246422399584	0.07821028153232255
0.8999999999999999	-0.3	0.07156027121000323	0.07123652666687581
0.8999999999999999	-0.2	0.07635220189604061	0.0762188504341216
0.8999999999999999	-0.1	0.07504609444400416	0.08060096988552921
0.8999999999999999	-0.0	0.07207910405203162	0.06831971545482357
0.8999999999999999	0.1	0.07611675199001612	0.07869866025346522
0.8999999999999999	0.2	0.07546192882600752	0.08305873425277203
0.8999999999999999	0.3	0.08823066385204836	0.09418278977050443
0.8999999999999999	0.4	0.07689280279003513	0.07557354153468762
0.8999999999999999	0.5	0.06865252959798675	0.055400565703455154
0.8999999999999999	0.6	0.06790116490998026	0.06644473770946374
0.8999999999999999	0.7	0.0676016636059796	0.07208125687146359
0.8999999999999999	0.8	0.05860143747397129	0.05211766400822985
0.8999999999999999	0.9	0.054639427871966184	0.04874038241375905
0.8999999999999999	0.999	0.06560837389196834	0.07076202001989977
0.95	-0.999	0.0781976661020053	0.07028299386461644
0.95	-0.9	0.08798832954206098	0.08493564290843997
0.95	-0.8	0.0775068059280047	0.07295501615153749
0.95	-0.7	0.08963204043804537	0.07994674962399027
0.95	-0.6	0.08148964134602309	0.06756945991079526
0.95	-0.5	0.07803624102600852	0.06339615912651907
0.95	-0.4	0.09059933406201807	0.08810490736402724
0.95	-0.3	0.09152019277602769	0.0811025442590765
0.95	-0.2	0.08913950189400323	0.08457761532521087
0.95	-0.1	0.07696240012202799	0.05512861752111021
0.95	-0.0	0.08704020471600787	0.09275757287859686
0.95	0.1	0.08396068315601439	0.07318420541852609
0.95	0.2	0.08101906812803712	0.06847914148798122
0.95	0.3	0.081356037086049	0.07517299462422461
0.95	0.4	0.07436367024001382	0.06005904848846587
0.95	0.5	0.0751161588519951	0.06732532803533414
0.95	0.6	0.0930014231460338	0.09320102458644183
0.95	0.7	0.08141671224203181	0.07384016690012224
0.95	0.8	0.08040410525200568	0.08661758460575535
0.95	0.9	0.08086371407203646	0.08105058109182163
0.95	0.999	0.07593641906600997	0.07823210370525607
0.9998999999999999	-0.999	0.1948137677360174	0.14227529385349583
0.9998999999999999	-0.9	0.1928575736740019	0.12896386559191125
0.9998999999999999	-0.8	0.21069560653000508	0.14246002168076796
0.9998999999999999	-0.7	0.19045417133798703	0.127460412444076
0.9998999999999999	-0.6	0.21072901477400352	0.14469024955983403
0.9998999999999999	-0.5	0.17747311121001333	0.11644449776723417
0.9998999999999999	-0.4	0.182390024396014	0.12207163909669189
0.9998999999999999	-0.3	0.20340848758799904	0.140378875641996
0.9998999999999999	-0.2	0.18130460442000004	0.12071268098894683
0.9998999999999999	-0.1	0.185491977324004	0.1206782070090314
0.9998999999999999	-0.0	0.19153402726799962	0.12208025865530284
0.9998999999999999	0.1	0.195838460447999	0.13532362769244716
0.9998999999999999	0.2	0.18212173085600308	0.12389829996578952
0.9998999999999999	0.3	0.2035601414180038	0.13100831587730347
0.9998999999999999	0.4	0.19586123930600208	0.13006499861982132
0.9998999999999999	0.5	0.15904196259199674	0.11347386057988956
0.9998999999999999	0.6	0.16988656171200142	0.11649349294598016
0.9998999999999999	0.7	0.16658052556199665	0.12051257436064193
0.9998999999999999	0.8	0.16332184677201314	0.11473643206355155
0.9998999999999999	0.9	0.16164723867599587	0.11507932399646403
0.9998999999999999	0.999	0.15437240797400562	0.10665197189329727
